Written by i_SWAT





1 1983 918.00 0.00 0.00 0.00 15.47 0.00 0.00 1.14 0.00 0.00 0.00 0.00 0.00 0.00 0.00 0.00 0.00 0.00
2 1983 801.00 0.00 0.00 0.00 15.47 0.00 0.00 1.14 0.00 0.00 0.00 0.00 0.00 0.00 0.00 0.00 0.00 0.00
3 1983 656.47 0.00 0.00 0.00 15.47 0.00 0.00 1.14 0.00 0.00 0.00 0.00 0.00 0.00 0.00 0.00 0.00 0.00
4 1983 908.02 0.00 0.00 0.00 15.47 0.00 0.00 1.14 0.00 0.00 0.00 0.00 0.00 0.00 0.00 0.00 0.00 0.00
5 1983 553.23 0.00 0.00 0.00 15.47 0.00 0.00 1.14 0.00 0.00 0.00 0.00 0.00 0.00 0.00 0.00 0.00 0.00
6 1983 560.11 0.00 0.00 0.00 15.47 0.00 0.00 1.14 0.00 0.00 0.00 0.00 0.00 0.00 0.00 0.00 0.00 0.00
7 1983 559.08 0.00 0.00 0.00 15.47 0.00 0.00 1.14 0.00 0.00 0.00 0.00 0.00 0.00 0.00 0.00 0.00 0.00
8 1983 746.97 0.00 0.00 0.00 15.47 0.00 0.00 1.14 0.00 0.00 0.00 0.00 0.00 0.00 0.00 0.00 0.00 0.00
9 1983 1093.51 0.00 0.00 0.00 15.47 0.00 0.00 1.14 0.00 0.00 0.00 0.00 0.00 0.00 0.00 0.00 0.00 0.00
10 1983 814.76 0.00 0.00 0.00 15.47 0.00 0.00 1.14 0.00 0.00 0.00 0.00 0.00 0.00 0.00 0.00 0.00 0.00
11 1983 783.79 0.00 0.00 0.00 15.47 0.00 0.00 1.14 0.00 0.00 0.00 0.00 0.00 0.00 0.00 0.00 0.00 0.00
12 1983 952.41 0.00 0.00 0.00 15.47 0.00 0.00 1.14 0.00 0.00 0.00 0.00 0.00 0.00 0.00 0.00 0.00 0.00
1 1984 918.00 0.00 0.00 0.00 15.47 0.00 0.00 1.14 0.00 0.00 0.00 0.00 0.00 0.00 0.00 0.00 0.00 0.00
2 1984 801.00 0.00 0.00 0.00 15.47 0.00 0.00 1.14 0.00 0.00 0.00 0.00 0.00 0.00 0.00 0.00 0.00 0.00
3 1984 656.47 0.00 0.00 0.00 15.47 0.00 0.00 1.14 0.00 0.00 0.00 0.00 0.00 0.00 0.00 0.00 0.00 0.00
4 1984 908.02 0.00 0.00 0.00 15.47 0.00 0.00 1.14 0.00 0.00 0.00 0.00 0.00 0.00 0.00 0.00 0.00 0.00
5 1984 553.23 0.00 0.00 0.00 15.47 0.00 0.00 1.14 0.00 0.00 0.00 0.00 0.00 0.00 0.00 0.00 0.00 0.00
6 1984 560.11 0.00 0.00 0.00 15.47 0.00 0.00 1.14 0.00 0.00 0.00 0.00 0.00 0.00 0.00 0.00 0.00 0.00
7 1984 559.08 0.00 0.00 0.00 15.47 0.00 0.00 1.14 0.00 0.00 0.00 0.00 0.00 0.00 0.00 0.00 0.00 0.00
8 1984 746.97 0.00 0.00 0.00 15.47 0.00 0.00 1.14 0.00 0.00 0.00 0.00 0.00 0.00 0.00 0.00 0.00 0.00
9 1984 1093.51 0.00 0.00 0.00 15.47 0.00 0.00 1.14 0.00 0.00 0.00 0.00 0.00 0.00 0.00 0.00 0.00 0.00
10 1984 814.76 0.00 0.00 0.00 15.47 0.00 0.00 1.14 0.00 0.00 0.00 0.00 0.00 0.00 0.00 0.00 0.00 0.00
11 1984 783.79 0.00 0.00 0.00 15.47 0.00 0.00 1.14 0.00 0.00 0.00 0.00 0.00 0.00 0.00 0.00 0.00 0.00
12 1984 952.41 0.00 0.00 0.00 15.47 0.00 0.00 1.14 0.00 0.00 0.00 0.00 0.00 0.00 0.00 0.00 0.00 0.00
1 1985 918.00 0.00 0.00 0.00 15.47 0.00 0.00 1.14 0.00 0.00 0.00 0.00 0.00 0.00 0.00 0.00 0.00 0.00
2 1985 801.00 0.00 0.00 0.00 15.47 0.00 0.00 1.14 0.00 0.00 0.00 0.00 0.00 0.00 0.00 0.00 0.00 0.00
3 1985 656.47 0.00 0.00 0.00 15.47 0.00 0.00 1.14 0.00 0.00 0.00 0.00 0.00 0.00 0.00 0.00 0.00 0.00
4 1985 908.02 0.00 0.00 0.00 15.47 0.00 0.00 1.14 0.00 0.00 0.00 0.00 0.00 0.00 0.00 0.00 0.00 0.00
5 1985 553.23 0.00 0.00 0.00 15.47 0.00 0.00 1.14 0.00 0.00 0.00 0.00 0.00 0.00 0.00 0.00 0.00 0.00
6 1985 560.11 0.00 0.00 0.00 15.47 0.00 0.00 1.14 0.00 0.00 0.00 0.00 0.00 0.00 0.00 0.00 0.00 0.00
7 1985 559.08 0.00 0.00 0.00 15.47 0.00 0.00 1.14 0.00 0.00 0.00 0.00 0.00 0.00 0.00 0.00 0.00 0.00
8 1985 746.97 0.00 0.00 0.00 15.47 0.00 0.00 1.14 0.00 0.00 0.00 0.00 0.00 0.00 0.00 0.00 0.00 0.00
9 1985 1093.51 0.00 0.00 0.00 15.47 0.00 0.00 1.14 0.00 0.00 0.00 0.00 0.00 0.00 0.00 0.00 0.00 0.00
10 1985 814.76 0.00 0.00 0.00 15.47 0.00 0.00 1.14 0.00 0.00 0.00 0.00 0.00 0.00 0.00 0.00 0.00 0.00
11 1985 783.79 0.00 0.00 0.00 15.47 0.00 0.00 1.14 0.00 0.00 0.00 0.00 0.00 0.00 0.00 0.00 0.00 0.00
12 1985 952.41 0.00 0.00 0.00 15.47 0.00 0.00 1.14 0.00 0.00 0.00 0.00 0.00 0.00 0.00 0.00 0.00 0.00
1 1986 918.00 0.00 0.00 0.00 15.47 0.00 0.00 1.14 0.00 0.00 0.00 0.00 0.00 0.00 0.00 0.00 0.00 0.00
2 1986 801.00 0.00 0.00 0.00 15.47 0.00 0.00 1.14 0.00 0.00 0.00 0.00 0.00 0.00 0.00 0.00 0.00 0.00
3 1986 656.47 0.00 0.00 0.00 15.47 0.00 0.00 1.14 0.00 0.00 0.00 0.00 0.00 0.00 0.00 0.00 0.00 0.00
4 1986 908.02 0.00 0.00 0.00 15.47 0.00 0.00 1.14 0.00 0.00 0.00 0.00 0.00 0.00 0.00 0.00 0.00 0.00
5 1986 553.23 0.00 0.00 0.00 15.47 0.00 0.00 1.14 0.00 0.00 0.00 0.00 0.00 0.00 0.00 0.00 0.00 0.00
6 1986 560.11 0.00 0.00 0.00 15.47 0.00 0.00 1.14 0.00 0.00 0.00 0.00 0.00 0.00 0.00 0.00 0.00 0.00
7 1986 559.08 0.00 0.00 0.00 15.47 0.00 0.00 1.14 0.00 0.00 0.00 0.00 0.00 0.00 0.00 0.00 0.00 0.00
8 1986 746.97 0.00 0.00 0.00 15.47 0.00 0.00 1.14 0.00 0.00 0.00 0.00 0.00 0.00 0.00 0.00 0.00 0.00
9 1986 1093.51 0.00 0.00 0.00 15.47 0.00 0.00 1.14 0.00 0.00 0.00 0.00 0.00 0.00 0.00 0.00 0.00 0.00
10 1986 814.76 0.00 0.00 0.00 15.47 0.00 0.00 1.14 0.00 0.00 0.00 0.00 0.00 0.00 0.00 0.00 0.00 0.00
11 1986 783.79 0.00 0.00 0.00 15.47 0.00 0.00 1.14 0.00 0.00 0.00 0.00 0.00 0.00 0.00 0.00 0.00 0.00
12 1986 952.41 0.00 0.00 0.00 15.47 0.00 0.00 1.14 0.00 0.00 0.00 0.00 0.00 0.00 0.00 0.00 0.00 0.00
1 1987 918.00 0.00 0.00 0.00 15.47 0.00 0.00 1.14 0.00 0.00 0.00 0.00 0.00 0.00 0.00 0.00 0.00 0.00
2 1987 801.00 0.00 0.00 0.00 15.47 0.00 0.00 1.14 0.00 0.00 0.00 0.00 0.00 0.00 0.00 0.00 0.00 0.00
3 1987 656.47 0.00 0.00 0.00 15.47 0.00 0.00 1.14 0.00 0.00 0.00 0.00 0.00 0.00 0.00 0.00 0.00 0.00
4 1987 908.02 0.00 0.00 0.00 15.47 0.00 0.00 1.14 0.00 0.00 0.00 0.00 0.00 0.00 0.00 0.00 0.00 0.00
5 1987 553.23 0.00 0.00 0.00 15.47 0.00 0.00 1.14 0.00 0.00 0.00 0.00 0.00 0.00 0.00 0.00 0.00 0.00
6 1987 560.11 0.00 0.00 0.00 15.47 0.00 0.00 1.14 0.00 0.00 0.00 0.00 0.00 0.00 0.00 0.00 0.00 0.00
7 1987 559.08 0.00 0.00 0.00 15.47 0.00 0.00 1.14 0.00 0.00 0.00 0.00 0.00 0.00 0.00 0.00 0.00 0.00
8 1987 746.97 0.00 0.00 0.00 15.47 0.00 0.00 1.14 0.00 0.00 0.00 0.00 0.00 0.00 0.00 0.00 0.00 0.00
9 1987 1093.51 0.00 0.00 0.00 15.47 0.00 0.00 1.14 0.00 0.00 0.00 0.00 0.00 0.00 0.00 0.00 0.00 0.00
10 1987 814.76 0.00 0.00 0.00 15.47 0.00 0.00 1.14 0.00 0.00 0.00 0.00 0.00 0.00 0.00 0.00 0.00 0.00
11 1987 783.79 0.00 0.00 0.00 15.47 0.00 0.00 1.14 0.00 0.00 0.00 0.00 0.00 0.00 0.00 0.00 0.00 0.00
12 1987 952.41 0.00 0.00 0.00 15.47 0.00 0.00 1.14 0.00 0.00 0.00 0.00 0.00 0.00 0.00 0.00 0.00 0.00
1 1988 918.00 0.00 0.00 0.00 15.47 0.00 0.00 1.14 0.00 0.00 0.00 0.00 0.00 0.00 0.00 0.00 0.00 0.00
2 1988 801.00 0.00 0.00 0.00 15.47 0.00 0.00 1.14 0.00 0.00 0.00 0.00 0.00 0.00 0.00 0.00 0.00 0.00
3 1988 656.47 0.00 0.00 0.00 15.47 0.00 0.00 1.14 0.00 0.00 0.00 0.00 0.00 0.00 0.00 0.00 0.00 0.00
4 1988 908.02 0.00 0.00 0.00 15.47 0.00 0.00 1.14 0.00 0.00 0.00 0.00 0.00 0.00 0.00 0.00 0.00 0.00
5 1988 553.23 0.00 0.00 0.00 15.47 0.00 0.00 1.14 0.00 0.00 0.00 0.00 0.00 0.00 0.00 0.00 0.00 0.00
6 1988 560.11 0.00 0.00 0.00 15.47 0.00 0.00 1.14 0.00 0.00 0.00 0.00 0.00 0.00 0.00 0.00 0.00 0.00
7 1988 559.08 0.00 0.00 0.00 15.47 0.00 0.00 1.14 0.00 0.00 0.00 0.00 0.00 0.00 0.00 0.00 0.00 0.00
8 1988 746.97 0.00 0.00 0.00 15.47 0.00 0.00 1.14 0.00 0.00 0.00 0.00 0.00 0.00 0.00 0.00 0.00 0.00
9 1988 1093.51 0.00 0.00 0.00 15.47 0.00 0.00 1.14 0.00 0.00 0.00 0.00 0.00 0.00 0.00 0.00 0.00 0.00
10 1988 814.76 0.00 0.00 0.00 15.47 0.00 0.00 1.14 0.00 0.00 0.00 0.00 0.00 0.00 0.00 0.00 0.00 0.00
11 1988 783.79 0.00 0.00 0.00 15.47 0.00 0.00 1.14 0.00 0.00 0.00 0.00 0.00 0.00 0.00 0.00 0.00 0.00
12 1988 952.41 0.00 0.00 0.00 15.47 0.00 0.00 1.14 0.00 0.00 0.00 0.00 0.00 0.00 0.00 0.00 0.00 0.00
1 1989 918.00 0.00 0.00 0.00 15.47 0.00 0.00 1.14 0.00 0.00 0.00 0.00 0.00 0.00 0.00 0.00 0.00 0.00
2 1989 801.00 0.00 0.00 0.00 15.47 0.00 0.00 1.14 0.00 0.00 0.00 0.00 0.00 0.00 0.00 0.00 0.00 0.00
3 1989 656.47 0.00 0.00 0.00 15.47 0.00 0.00 1.14 0.00 0.00 0.00 0.00 0.00 0.00 0.00 0.00 0.00 0.00
4 1989 908.02 0.00 0.00 0.00 15.47 0.00 0.00 1.14 0.00 0.00 0.00 0.00 0.00 0.00 0.00 0.00 0.00 0.00
5 1989 553.23 0.00 0.00 0.00 15.47 0.00 0.00 1.14 0.00 0.00 0.00 0.00 0.00 0.00 0.00 0.00 0.00 0.00
6 1989 560.11 0.00 0.00 0.00 15.47 0.00 0.00 1.14 0.00 0.00 0.00 0.00 0.00 0.00 0.00 0.00 0.00 0.00
7 1989 559.08 0.00 0.00 0.00 15.47 0.00 0.00 1.14 0.00 0.00 0.00 0.00 0.00 0.00 0.00 0.00 0.00 0.00
8 1989 746.97 0.00 0.00 0.00 15.47 0.00 0.00 1.14 0.00 0.00 0.00 0.00 0.00 0.00 0.00 0.00 0.00 0.00
9 1989 1093.51 0.00 0.00 0.00 15.47 0.00 0.00 1.14 0.00 0.00 0.00 0.00 0.00 0.00 0.00 0.00 0.00 0.00
10 1989 814.76 0.00 0.00 0.00 15.47 0.00 0.00 1.14 0.00 0.00 0.00 0.00 0.00 0.00 0.00 0.00 0.00 0.00
11 1989 783.79 0.00 0.00 0.00 15.47 0.00 0.00 1.14 0.00 0.00 0.00 0.00 0.00 0.00 0.00 0.00 0.00 0.00
12 1989 952.41 0.00 0.00 0.00 15.47 0.00 0.00 1.14 0.00 0.00 0.00 0.00 0.00 0.00 0.00 0.00 0.00 0.00
1 1990 918.00 0.00 0.00 0.00 15.47 0.00 0.00 1.14 0.00 0.00 0.00 0.00 0.00 0.00 0.00 0.00 0.00 0.00
2 1990 801.00 0.00 0.00 0.00 15.47 0.00 0.00 1.14 0.00 0.00 0.00 0.00 0.00 0.00 0.00 0.00 0.00 0.00
3 1990 656.47 0.00 0.00 0.00 15.47 0.00 0.00 1.14 0.00 0.00 0.00 0.00 0.00 0.00 0.00 0.00 0.00 0.00
4 1990 908.02 0.00 0.00 0.00 15.47 0.00 0.00 1.14 0.00 0.00 0.00 0.00 0.00 0.00 0.00 0.00 0.00 0.00
5 1990 553.23 0.00 0.00 0.00 15.47 0.00 0.00 1.14 0.00 0.00 0.00 0.00 0.00 0.00 0.00 0.00 0.00 0.00
6 1990 560.11 0.00 0.00 0.00 15.47 0.00 0.00 1.14 0.00 0.00 0.00 0.00 0.00 0.00 0.00 0.00 0.00 0.00
7 1990 559.08 0.00 0.00 0.00 15.47 0.00 0.00 1.14 0.00 0.00 0.00 0.00 0.00 0.00 0.00 0.00 0.00 0.00
8 1990 746.97 0.00 0.00 0.00 15.47 0.00 0.00 1.14 0.00 0.00 0.00 0.00 0.00 0.00 0.00 0.00 0.00 0.00
9 1990 1093.51 0.00 0.00 0.00 15.47 0.00 0.00 1.14 0.00 0.00 0.00 0.00 0.00 0.00 0.00 0.00 0.00 0.00
10 1990 814.76 0.00 0.00 0.00 15.47 0.00 0.00 1.14 0.00 0.00 0.00 0.00 0.00 0.00 0.00 0.00 0.00 0.00
11 1990 783.79 0.00 0.00 0.00 15.47 0.00 0.00 1.14 0.00 0.00 0.00 0.00 0.00 0.00 0.00 0.00 0.00 0.00
12 1990 952.41 0.00 0.00 0.00 15.47 0.00 0.00 1.14 0.00 0.00 0.00 0.00 0.00 0.00 0.00 0.00 0.00 0.00
1 1991 918.00 0.00 0.00 0.00 15.47 0.00 0.00 1.14 0.00 0.00 0.00 0.00 0.00 0.00 0.00 0.00 0.00 0.00
2 1991 801.00 0.00 0.00 0.00 15.47 0.00 0.00 1.14 0.00 0.00 0.00 0.00 0.00 0.00 0.00 0.00 0.00 0.00
3 1991 656.47 0.00 0.00 0.00 15.47 0.00 0.00 1.14 0.00 0.00 0.00 0.00 0.00 0.00 0.00 0.00 0.00 0.00
4 1991 908.02 0.00 0.00 0.00 15.47 0.00 0.00 1.14 0.00 0.00 0.00 0.00 0.00 0.00 0.00 0.00 0.00 0.00
5 1991 553.23 0.00 0.00 0.00 15.47 0.00 0.00 1.14 0.00 0.00 0.00 0.00 0.00 0.00 0.00 0.00 0.00 0.00
6 1991 560.11 0.00 0.00 0.00 15.47 0.00 0.00 1.14 0.00 0.00 0.00 0.00 0.00 0.00 0.00 0.00 0.00 0.00
7 1991 559.08 0.00 0.00 0.00 15.47 0.00 0.00 1.14 0.00 0.00 0.00 0.00 0.00 0.00 0.00 0.00 0.00 0.00
8 1991 746.97 0.00 0.00 0.00 15.47 0.00 0.00 1.14 0.00 0.00 0.00 0.00 0.00 0.00 0.00 0.00 0.00 0.00
9 1991 1093.51 0.00 0.00 0.00 15.47 0.00 0.00 1.14 0.00 0.00 0.00 0.00 0.00 0.00 0.00 0.00 0.00 0.00
10 1991 814.76 0.00 0.00 0.00 15.47 0.00 0.00 1.14 0.00 0.00 0.00 0.00 0.00 0.00 0.00 0.00 0.00 0.00
11 1991 783.79 0.00 0.00 0.00 15.47 0.00 0.00 1.14 0.00 0.00 0.00 0.00 0.00 0.00 0.00 0.00 0.00 0.00
12 1991 952.41 0.00 0.00 0.00 15.47 0.00 0.00 1.14 0.00 0.00 0.00 0.00 0.00 0.00 0.00 0.00 0.00 0.00
1 1992 918.00 0.00 0.00 0.00 15.47 0.00 0.00 1.14 0.00 0.00 0.00 0.00 0.00 0.00 0.00 0.00 0.00 0.00
2 1992 801.00 0.00 0.00 0.00 15.47 0.00 0.00 1.14 0.00 0.00 0.00 0.00 0.00 0.00 0.00 0.00 0.00 0.00
3 1992 656.47 0.00 0.00 0.00 15.47 0.00 0.00 1.14 0.00 0.00 0.00 0.00 0.00 0.00 0.00 0.00 0.00 0.00
4 1992 908.02 0.00 0.00 0.00 15.47 0.00 0.00 1.14 0.00 0.00 0.00 0.00 0.00 0.00 0.00 0.00 0.00 0.00
5 1992 553.23 0.00 0.00 0.00 15.47 0.00 0.00 1.14 0.00 0.00 0.00 0.00 0.00 0.00 0.00 0.00 0.00 0.00
6 1992 560.11 0.00 0.00 0.00 15.47 0.00 0.00 1.14 0.00 0.00 0.00 0.00 0.00 0.00 0.00 0.00 0.00 0.00
7 1992 559.08 0.00 0.00 0.00 15.47 0.00 0.00 1.14 0.00 0.00 0.00 0.00 0.00 0.00 0.00 0.00 0.00 0.00
8 1992 746.97 0.00 0.00 0.00 15.47 0.00 0.00 1.14 0.00 0.00 0.00 0.00 0.00 0.00 0.00 0.00 0.00 0.00
9 1992 1093.51 0.00 0.00 0.00 15.47 0.00 0.00 1.14 0.00 0.00 0.00 0.00 0.00 0.00 0.00 0.00 0.00 0.00
10 1992 814.76 0.00 0.00 0.00 15.47 0.00 0.00 1.14 0.00 0.00 0.00 0.00 0.00 0.00 0.00 0.00 0.00 0.00
11 1992 783.79 0.00 0.00 0.00 15.47 0.00 0.00 1.14 0.00 0.00 0.00 0.00 0.00 0.00 0.00 0.00 0.00 0.00
12 1992 952.41 0.00 0.00 0.00 15.47 0.00 0.00 1.14 0.00 0.00 0.00 0.00 0.00 0.00 0.00 0.00 0.00 0.00
1 1993 918.00 0.00 0.00 0.00 15.47 0.00 0.00 1.14 0.00 0.00 0.00 0.00 0.00 0.00 0.00 0.00 0.00 0.00
2 1993 801.00 0.00 0.00 0.00 15.47 0.00 0.00 1.14 0.00 0.00 0.00 0.00 0.00 0.00 0.00 0.00 0.00 0.00
3 1993 656.47 0.00 0.00 0.00 15.47 0.00 0.00 1.14 0.00 0.00 0.00 0.00 0.00 0.00 0.00 0.00 0.00 0.00
4 1993 908.02 0.00 0.00 0.00 15.47 0.00 0.00 1.14 0.00 0.00 0.00 0.00 0.00 0.00 0.00 0.00 0.00 0.00
5 1993 553.23 0.00 0.00 0.00 15.47 0.00 0.00 1.14 0.00 0.00 0.00 0.00 0.00 0.00 0.00 0.00 0.00 0.00
6 1993 560.11 0.00 0.00 0.00 15.47 0.00 0.00 1.14 0.00 0.00 0.00 0.00 0.00 0.00 0.00 0.00 0.00 0.00
7 1993 559.08 0.00 0.00 0.00 15.47 0.00 0.00 1.14 0.00 0.00 0.00 0.00 0.00 0.00 0.00 0.00 0.00 0.00
8 1993 746.97 0.00 0.00 0.00 15.47 0.00 0.00 1.14 0.00 0.00 0.00 0.00 0.00 0.00 0.00 0.00 0.00 0.00
9 1993 1093.51 0.00 0.00 0.00 15.47 0.00 0.00 1.14 0.00 0.00 0.00 0.00 0.00 0.00 0.00 0.00 0.00 0.00
10 1993 814.76 0.00 0.00 0.00 15.47 0.00 0.00 1.14 0.00 0.00 0.00 0.00 0.00 0.00 0.00 0.00 0.00 0.00
11 1993 783.79 0.00 0.00 0.00 15.47 0.00 0.00 1.14 0.00 0.00 0.00 0.00 0.00 0.00 0.00 0.00 0.00 0.00
12 1993 952.41 0.00 0.00 0.00 15.47 0.00 0.00 1.14 0.00 0.00 0.00 0.00 0.00 0.00 0.00 0.00 0.00 0.00
1 1994 918.00 0.00 0.00 0.00 15.47 0.00 0.00 1.14 0.00 0.00 0.00 0.00 0.00 0.00 0.00 0.00 0.00 0.00
2 1994 801.00 0.00 0.00 0.00 15.47 0.00 0.00 1.14 0.00 0.00 0.00 0.00 0.00 0.00 0.00 0.00 0.00 0.00
3 1994 656.47 0.00 0.00 0.00 15.47 0.00 0.00 1.14 0.00 0.00 0.00 0.00 0.00 0.00 0.00 0.00 0.00 0.00
4 1994 908.02 0.00 0.00 0.00 15.47 0.00 0.00 1.14 0.00 0.00 0.00 0.00 0.00 0.00 0.00 0.00 0.00 0.00
5 1994 553.23 0.00 0.00 0.00 15.47 0.00 0.00 1.14 0.00 0.00 0.00 0.00 0.00 0.00 0.00 0.00 0.00 0.00
6 1994 560.11 0.00 0.00 0.00 15.47 0.00 0.00 1.14 0.00 0.00 0.00 0.00 0.00 0.00 0.00 0.00 0.00 0.00
7 1994 559.08 0.00 0.00 0.00 15.47 0.00 0.00 1.14 0.00 0.00 0.00 0.00 0.00 0.00 0.00 0.00 0.00 0.00
8 1994 746.97 0.00 0.00 0.00 15.47 0.00 0.00 1.14 0.00 0.00 0.00 0.00 0.00 0.00 0.00 0.00 0.00 0.00
9 1994 1093.51 0.00 0.00 0.00 15.47 0.00 0.00 1.14 0.00 0.00 0.00 0.00 0.00 0.00 0.00 0.00 0.00 0.00
10 1994 814.76 0.00 0.00 0.00 15.47 0.00 0.00 1.14 0.00 0.00 0.00 0.00 0.00 0.00 0.00 0.00 0.00 0.00
11 1994 783.79 0.00 0.00 0.00 15.47 0.00 0.00 1.14 0.00 0.00 0.00 0.00 0.00 0.00 0.00 0.00 0.00 0.00
12 1994 952.41 0.00 0.00 0.00 15.47 0.00 0.00 1.14 0.00 0.00 0.00 0.00 0.00 0.00 0.00 0.00 0.00 0.00
1 1995 918.00 0.00 0.00 0.00 15.47 0.00 0.00 1.14 0.00 0.00 0.00 0.00 0.00 0.00 0.00 0.00 0.00 0.00
2 1995 801.00 0.00 0.00 0.00 15.47 0.00 0.00 1.14 0.00 0.00 0.00 0.00 0.00 0.00 0.00 0.00 0.00 0.00
3 1995 656.47 0.00 0.00 0.00 15.47 0.00 0.00 1.14 0.00 0.00 0.00 0.00 0.00 0.00 0.00 0.00 0.00 0.00
4 1995 908.02 0.00 0.00 0.00 15.47 0.00 0.00 1.14 0.00 0.00 0.00 0.00 0.00 0.00 0.00 0.00 0.00 0.00
5 1995 553.23 0.00 0.00 0.00 15.47 0.00 0.00 1.14 0.00 0.00 0.00 0.00 0.00 0.00 0.00 0.00 0.00 0.00
6 1995 560.11 0.00 0.00 0.00 15.47 0.00 0.00 1.14 0.00 0.00 0.00 0.00 0.00 0.00 0.00 0.00 0.00 0.00
7 1995 559.08 0.00 0.00 0.00 15.47 0.00 0.00 1.14 0.00 0.00 0.00 0.00 0.00 0.00 0.00 0.00 0.00 0.00
8 1995 746.97 0.00 0.00 0.00 15.47 0.00 0.00 1.14 0.00 0.00 0.00 0.00 0.00 0.00 0.00 0.00 0.00 0.00
9 1995 797.56 0.00 0.00 0.00 15.47 0.00 0.00 1.14 0.00 0.00 0.00 0.00 0.00 0.00 0.00 0.00 0.00 0.00
10 1995 911.12 0.00 0.00 0.00 15.47 0.00 0.00 1.14 0.00 0.00 0.00 0.00 0.00 0.00 0.00 0.00 0.00 0.00
11 1995 721.85 0.00 0.00 0.00 15.47 0.00 0.00 1.14 0.00 0.00 0.00 0.00 0.00 0.00 0.00 0.00 0.00 0.00
12 1995 721.85 0.00 0.00 0.00 15.47 0.00 0.00 1.14 0.00 0.00 0.00 0.00 0.00 0.00 0.00 0.00 0.00 0.00
1 1996 608.29 0.00 0.00 0.00 15.47 0.00 0.00 1.14 0.00 0.00 0.00 0.00 0.00 0.00 0.00 0.00 0.00 0.00
2 1996 608.29 0.00 0.00 0.00 15.47 0.00 0.00 1.14 0.00 0.00 0.00 0.00 0.00 0.00 0.00 0.00 0.00 0.00
3 1996 494.73 0.00 0.00 0.00 15.47 0.00 0.00 1.14 0.00 0.00 0.00 0.00 0.00 0.00 0.00 0.00 0.00 0.00
4 1996 570.43 0.00 0.00 0.00 15.47 0.00 0.00 1.14 0.00 0.00 0.00 0.00 0.00 0.00 0.00 0.00 0.00 0.00
5 1996 1365.37 0.00 0.00 0.00 15.47 0.00 0.00 1.14 0.00 0.00 0.00 0.00 0.00 0.00 0.00 0.00 0.00 0.00
6 1996 1062.54 0.00 0.00 0.00 15.47 0.00 0.00 1.14 0.00 0.00 0.00 0.00 0.00 0.00 0.00 0.00 0.00 0.00
7 1996 1138.24 0.00 0.00 0.00 15.47 0.00 0.00 1.14 0.00 0.00 0.00 0.00 0.00 0.00 0.00 0.00 0.00 0.00
8 1996 1592.49 0.00 0.00 0.00 15.47 0.00 0.00 1.14 0.00 0.00 0.00 0.00 0.00 0.00 0.00 0.00 0.00 0.00
9 1996 797.56 0.00 0.00 0.00 15.47 0.00 0.00 1.14 0.00 0.00 0.00 0.00 0.00 0.00 0.00 0.00 0.00 0.00
10 1996 797.56 0.00 0.00 0.00 15.47 0.00 0.00 1.14 0.00 0.00 0.00 0.00 0.00 0.00 0.00 0.00 0.00 0.00
11 1996 456.87 0.00 0.00 0.00 15.47 0.00 0.00 1.14 0.00 0.00 0.00 0.00 0.00 0.00 0.00 0.00 0.00 0.00
12 1996 419.02 0.00 0.00 0.00 15.47 0.00 0.00 1.14 0.00 0.00 0.00 0.00 0.00 0.00 0.00 0.00 0.00 0.00
1 1997 419.02 0.00 0.00 0.00 15.47 0.00 0.00 1.14 0.00 0.00 0.00 0.00 0.00 0.00 0.00 0.00 0.00 0.00
2 1997 419.02 0.00 0.00 0.00 15.47 0.00 0.00 1.14 0.00 0.00 0.00 0.00 0.00 0.00 0.00 0.00 0.00 0.00
3 1997 456.87 0.00 0.00 0.00 15.47 0.00 0.00 1.14 0.00 0.00 0.00 0.00 0.00 0.00 0.00 0.00 0.00 0.00
4 1997 506.08 0.00 0.00 0.00 15.47 0.00 0.00 1.14 0.00 0.00 0.00 0.00 0.00 0.00 0.00 0.00 0.00 0.00
5 1997 948.97 0.00 0.00 0.00 15.47 0.00 0.00 1.14 0.00 0.00 0.00 0.00 0.00 0.00 0.00 0.00 0.00 0.00
6 1997 721.85 0.00 0.00 0.00 15.47 0.00 0.00 1.14 0.00 0.00 0.00 0.00 0.00 0.00 0.00 0.00 0.00 0.00
7 1997 759.70 0.00 0.00 0.00 15.47 0.00 0.00 1.14 0.00 0.00 0.00 0.00 0.00 0.00 0.00 0.00 0.00 0.00
8 1997 646.14 0.00 0.00 0.00 15.47 0.00 0.00 1.14 0.00 0.00 0.00 0.00 0.00 0.00 0.00 0.00 0.00 0.00
9 1997 948.97 0.00 0.00 0.00 15.47 0.00 0.00 1.14 0.00 0.00 0.00 0.00 0.00 0.00 0.00 0.00 0.00 0.00
10 1997 835.41 0.00 0.00 0.00 15.47 0.00 0.00 1.14 0.00 0.00 0.00 0.00 0.00 0.00 0.00 0.00 0.00 0.00
11 1997 570.43 0.00 0.00 0.00 15.47 0.00 0.00 1.14 0.00 0.00 0.00 0.00 0.00 0.00 0.00 0.00 0.00 0.00
12 1997 570.43 0.00 0.00 0.00 15.47 0.00 0.00 1.14 0.00 0.00 0.00 0.00 0.00 0.00 0.00 0.00 0.00 0.00
1 1998 608.29 0.00 0.00 0.00 15.47 0.00 0.00 1.14 0.00 0.00 0.00 0.00 0.00 0.00 0.00 0.00 0.00 0.00
2 1998 494.73 0.00 0.00 0.00 15.47 0.00 0.00 1.14 0.00 0.00 0.00 0.00 0.00 0.00 0.00 0.00 0.00 0.00
3 1998 483.37 0.00 0.00 0.00 15.47 0.00 0.00 1.14 0.00 0.00 0.00 0.00 0.00 0.00 0.00 0.00 0.00 0.00
4 1998 1176.10 0.00 0.00 0.00 15.47 0.00 0.00 1.14 0.00 0.00 0.00 0.00 0.00 0.00 0.00 0.00 0.00 0.00
5 1998 608.29 0.00 0.00 0.00 15.47 0.00 0.00 1.14 0.00 0.00 0.00 0.00 0.00 0.00 0.00 0.00 0.00 0.00
6 1998 721.85 0.00 0.00 0.00 15.47 0.00 0.00 1.14 0.00 0.00 0.00 0.00 0.00 0.00 0.00 0.00 0.00 0.00
7 1998 948.97 0.00 0.00 0.00 15.47 0.00 0.00 1.14 0.00 0.00 0.00 0.00 0.00 0.00 0.00 0.00 0.00 0.00
8 1998 646.14 0.00 0.00 0.00 15.47 0.00 0.00 1.14 0.00 0.00 0.00 0.00 0.00 0.00 0.00 0.00 0.00 0.00
9 1998 646.14 0.00 0.00 0.00 15.47 0.00 0.00 1.14 0.00 0.00 0.00 0.00 0.00 0.00 0.00 0.00 0.00 0.00
10 1998 570.43 0.00 0.00 0.00 15.47 0.00 0.00 1.14 0.00 0.00 0.00 0.00 0.00 0.00 0.00 0.00 0.00 0.00
11 1998 532.58 0.00 0.00 0.00 15.47 0.00 0.00 1.14 0.00 0.00 0.00 0.00 0.00 0.00 0.00 0.00 0.00 0.00
12 1998 4545.10 0.00 0.00 0.00 15.47 0.00 0.00 1.14 0.00 0.00 0.00 0.00 0.00 0.00 0.00 0.00 0.00 0.00
1 1999 494.73 0.00 0.00 0.00 15.47 0.00 0.00 1.14 0.00 0.00 0.00 0.00 0.00 0.00 0.00 0.00 0.00 0.00
2 1999 494.73 0.00 0.00 0.00 15.47 0.00 0.00 1.14 0.00 0.00 0.00 0.00 0.00 0.00 0.00 0.00 0.00 0.00
3 1999 532.58 0.00 0.00 0.00 15.47 0.00 0.00 1.14 0.00 0.00 0.00 0.00 0.00 0.00 0.00 0.00 0.00 0.00
4 1999 948.97 0.00 0.00 0.00 15.47 0.00 0.00 1.14 0.00 0.00 0.00 0.00 0.00 0.00 0.00 0.00 0.00 0.00
5 1999 608.29 0.00 0.00 0.00 15.47 0.00 0.00 1.14 0.00 0.00 0.00 0.00 0.00 0.00 0.00 0.00 0.00 0.00
6 1999 608.29 0.00 0.00 0.00 15.47 0.00 0.00 1.14 0.00 0.00 0.00 0.00 0.00 0.00 0.00 0.00 0.00 0.00
7 1999 608.29 0.00 0.00 0.00 15.47 0.00 0.00 1.14 0.00 0.00 0.00 0.00 0.00 0.00 0.00 0.00 0.00 0.00
8 1999 570.43 0.00 0.00 0.00 15.47 0.00 0.00 1.14 0.00 0.00 0.00 0.00 0.00 0.00 0.00 0.00 0.00 0.00
9 1999 532.58 0.00 0.00 0.00 15.47 0.00 0.00 1.14 0.00 0.00 0.00 0.00 0.00 0.00 0.00 0.00 0.00 0.00
10 1999 532.58 0.00 0.00 0.00 15.47 0.00 0.00 1.14 0.00 0.00 0.00 0.00 0.00 0.00 0.00 0.00 0.00 0.00
11 1999 759.70 0.00 0.00 0.00 15.47 0.00 0.00 1.14 0.00 0.00 0.00 0.00 0.00 0.00 0.00 0.00 0.00 0.00
12 1999 494.73 0.00 0.00 0.00 15.47 0.00 0.00 1.14 0.00 0.00 0.00 0.00 0.00 0.00 0.00 0.00 0.00 0.00
1 2000 494.73 0.00 0.00 0.00 15.47 0.00 0.00 1.14 0.00 0.00 0.00 0.00 0.00 0.00 0.00 0.00 0.00 0.00
2 2000 570.43 0.00 0.00 0.00 15.47 0.00 0.00 1.14 0.00 0.00 0.00 0.00 0.00 0.00 0.00 0.00 0.00 0.00
3 2000 608.29 0.00 0.00 0.00 15.47 0.00 0.00 1.14 0.00 0.00 0.00 0.00 0.00 0.00 0.00 0.00 0.00 0.00
4 2000 759.70 0.00 0.00 0.00 15.47 0.00 0.00 1.14 0.00 0.00 0.00 0.00 0.00 0.00 0.00 0.00 0.00 0.00
5 2000 1403.22 0.00 0.00 0.00 15.47 0.00 0.00 1.14 0.00 0.00 0.00 0.00 0.00 0.00 0.00 0.00 0.00 0.00
6 2000 797.56 0.00 0.00 0.00 15.47 0.00 0.00 1.14 0.00 0.00 0.00 0.00 0.00 0.00 0.00 0.00 0.00 0.00
7 2000 683.99 0.00 0.00 0.00 15.47 0.00 0.00 1.14 0.00 0.00 0.00 0.00 0.00 0.00 0.00 0.00 0.00 0.00
8 2000 646.14 0.00 0.00 0.00 15.47 0.00 0.00 1.14 0.00 0.00 0.00 0.00 0.00 0.00 0.00 0.00 0.00 0.00
9 2000 873.27 0.00 0.00 0.00 15.47 0.00 0.00 1.14 0.00 0.00 0.00 0.00 0.00 0.00 0.00 0.00 0.00 0.00
10 2000 873.27 0.00 0.00 0.00 15.47 0.00 0.00 1.14 0.00 0.00 0.00 0.00 0.00 0.00 0.00 0.00 0.00 0.00
11 2000 873.27 0.00 0.00 0.00 15.47 0.00 0.00 1.14 0.00 0.00 0.00 0.00 0.00 0.00 0.00 0.00 0.00 0.00
12 2000 646.14 0.00 0.00 0.00 15.47 0.00 0.00 1.14 0.00 0.00 0.00 0.00 0.00 0.00 0.00 0.00 0.00 0.00
1 2001 835.41 0.00 0.00 0.00 15.47 0.00 0.00 1.14 0.00 0.00 0.00 0.00 0.00 0.00 0.00 0.00 0.00 0.00
2 2001 721.85 0.00 0.00 0.00 15.47 0.00 0.00 1.14 0.00 0.00 0.00 0.00 0.00 0.00 0.00 0.00 0.00 0.00
3 2001 721.85 0.00 0.00 0.00 15.47 0.00 0.00 1.14 0.00 0.00 0.00 0.00 0.00 0.00 0.00 0.00 0.00 0.00
4 2001 683.99 0.00 0.00 0.00 15.47 0.00 0.00 1.14 0.00 0.00 0.00 0.00 0.00 0.00 0.00 0.00 0.00 0.00
5 2001 948.97 0.00 0.00 0.00 15.47 0.00 0.00 1.14 0.00 0.00 0.00 0.00 0.00 0.00 0.00 0.00 0.00 0.00
6 2001 721.85 0.00 0.00 0.00 15.47 0.00 0.00 1.14 0.00 0.00 0.00 0.00 0.00 0.00 0.00 0.00 0.00 0.00
7 2001 683.99 0.00 0.00 0.00 15.47 0.00 0.00 1.14 0.00 0.00 0.00 0.00 0.00 0.00 0.00 0.00 0.00 0.00
8 2001 986.83 0.00 0.00 0.00 15.47 0.00 0.00 1.14 0.00 0.00 0.00 0.00 0.00 0.00 0.00 0.00 0.00 0.00
9 2001 1176.10 0.00 0.00 0.00 15.47 0.00 0.00 1.14 0.00 0.00 0.00 0.00 0.00 0.00 0.00 0.00 0.00 0.00
10 2001 835.41 0.00 0.00 0.00 15.47 0.00 0.00 1.14 0.00 0.00 0.00 0.00 0.00 0.00 0.00 0.00 0.00 0.00
11 2001 646.14 0.00 0.00 0.00 15.47 0.00 0.00 1.14 0.00 0.00 0.00 0.00 0.00 0.00 0.00 0.00 0.00 0.00
12 2001 608.29 0.00 0.00 0.00 15.47 0.00 0.00 1.14 0.00 0.00 0.00 0.00 0.00 0.00 0.00 0.00 0.00 0.00
1 2002 532.58 0.00 0.00 0.00 15.47 0.00 0.00 1.14 0.00 0.00 0.00 0.00 0.00 0.00 0.00 0.00 0.00 0.00
2 2002 608.29 0.00 0.00 0.00 15.47 0.00 0.00 1.14 0.00 0.00 0.00 0.00 0.00 0.00 0.00 0.00 0.00 0.00
3 2002 570.43 0.00 0.00 0.00 15.47 0.00 0.00 1.14 0.00 0.00 0.00 0.00 0.00 0.00 0.00 0.00 0.00 0.00
4 2002 835.41 0.00 0.00 0.00 15.47 0.00 0.00 1.14 0.00 0.00 0.00 0.00 0.00 0.00 0.00 0.00 0.00 0.00
5 2002 1365.37 0.00 0.00 0.00 15.47 0.00 0.00 1.14 0.00 0.00 0.00 0.00 0.00 0.00 0.00 0.00 0.00 0.00
6 2002 683.99 0.00 0.00 0.00 15.47 0.00 0.00 1.14 0.00 0.00 0.00 0.00 0.00 0.00 0.00 0.00 0.00 0.00
7 2002 1100.39 0.00 0.00 0.00 15.47 0.00 0.00 1.14 0.00 0.00 0.00 0.00 0.00 0.00 0.00 0.00 0.00 0.00
8 2002 2955.24 0.00 0.00 0.00 15.47 0.00 0.00 1.14 0.00 0.00 0.00 0.00 0.00 0.00 0.00 0.00 0.00 0.00
9 2002 759.70 0.00 0.00 0.00 15.47 0.00 0.00 1.14 0.00 0.00 0.00 0.00 0.00 0.00 0.00 0.00 0.00 0.00
10 2002 1441.07 0.00 0.00 0.00 15.47 0.00 0.00 1.14 0.00 0.00 0.00 0.00 0.00 0.00 0.00 0.00 0.00 0.00
11 2002 570.43 0.00 0.00 0.00 15.47 0.00 0.00 1.14 0.00 0.00 0.00 0.00 0.00 0.00 0.00 0.00 0.00 0.00
12 2002 574.22 0.00 0.00 0.00 15.47 0.00 0.00 1.14 0.00 0.00 0.00 0.00 0.00 0.00 0.00 0.00 0.00 0.00
1 2003 532.58 0.00 0.00 0.00 15.47 0.00 0.00 1.14 0.00 0.00 0.00 0.00 0.00 0.00 0.00 0.00 0.00 0.00
2 2003 570.43 0.00 0.00 0.00 15.47 0.00 0.00 1.14 0.00 0.00 0.00 0.00 0.00 0.00 0.00 0.00 0.00 0.00
3 2003 570.43 0.00 0.00 0.00 15.47 0.00 0.00 1.14 0.00 0.00 0.00 0.00 0.00 0.00 0.00 0.00 0.00 0.00
4 2003 759.70 0.00 0.00 0.00 15.47 0.00 0.00 1.14 0.00 0.00 0.00 0.00 0.00 0.00 0.00 0.00 0.00 0.00
5 2003 1592.49 0.00 0.00 0.00 15.47 0.00 0.00 1.14 0.00 0.00 0.00 0.00 0.00 0.00 0.00 0.00 0.00 0.00
6 2003 1365.37 0.00 0.00 0.00 15.47 0.00 0.00 1.14 0.00 0.00 0.00 0.00 0.00 0.00 0.00 0.00 0.00 0.00
7 2003 683.99 0.00 0.00 0.00 15.47 0.00 0.00 1.14 0.00 0.00 0.00 0.00 0.00 0.00 0.00 0.00 0.00 0.00
8 2003 532.58 0.00 0.00 0.00 15.47 0.00 0.00 1.14 0.00 0.00 0.00 0.00 0.00 0.00 0.00 0.00 0.00 0.00
9 2003 608.29 0.00 0.00 0.00 15.47 0.00 0.00 1.14 0.00 0.00 0.00 0.00 0.00 0.00 0.00 0.00 0.00 0.00
10 2003 494.73 0.00 0.00 0.00 15.47 0.00 0.00 1.14 0.00 0.00 0.00 0.00 0.00 0.00 0.00 0.00 0.00 0.00
11 2003 911.12 0.00 0.00 0.00 15.47 0.00 0.00 1.14 0.00 0.00 0.00 0.00 0.00 0.00 0.00 0.00 0.00 0.00
12 2003 456.87 0.00 0.00 0.00 15.47 0.00 0.00 1.14 0.00 0.00 0.00 0.00 0.00 0.00 0.00 0.00 0.00 0.00
1 2004 494.73 0.00 0.00 0.00 15.47 0.00 0.00 1.14 0.00 0.00 0.00 0.00 0.00 0.00 0.00 0.00 0.00 0.00
2 2004 532.58 0.00 0.00 0.00 15.47 0.00 0.00 1.14 0.00 0.00 0.00 0.00 0.00 0.00 0.00 0.00 0.00 0.00
3 2004 608.29 0.00 0.00 0.00 15.47 0.00 0.00 1.14 0.00 0.00 0.00 0.00 0.00 0.00 0.00 0.00 0.00 0.00
4 2004 646.14 0.00 0.00 0.00 15.47 0.00 0.00 1.14 0.00 0.00 0.00 0.00 0.00 0.00 0.00 0.00 0.00 0.00
5 2004 1743.91 0.00 0.00 0.00 15.47 0.00 0.00 1.14 0.00 0.00 0.00 0.00 0.00 0.00 0.00 0.00 0.00 0.00
6 2004 873.27 0.00 0.00 0.00 15.47 0.00 0.00 1.14 0.00 0.00 0.00 0.00 0.00 0.00 0.00 0.00 0.00 0.00
7 2004 532.58 0.00 0.00 0.00 15.47 0.00 0.00 1.14 0.00 0.00 0.00 0.00 0.00 0.00 0.00 0.00 0.00 0.00
8 2004 608.29 0.00 0.00 0.00 15.47 0.00 0.00 1.14 0.00 0.00 0.00 0.00 0.00 0.00 0.00 0.00 0.00 0.00
9 2004 494.73 0.00 0.00 0.00 15.47 0.00 0.00 1.14 0.00 0.00 0.00 0.00 0.00 0.00 0.00 0.00 0.00 0.00
10 2004 532.58 0.00 0.00 0.00 15.47 0.00 0.00 1.14 0.00 0.00 0.00 0.00 0.00 0.00 0.00 0.00 0.00 0.00
11 2004 683.99 0.00 0.00 0.00 15.47 0.00 0.00 1.14 0.00 0.00 0.00 0.00 0.00 0.00 0.00 0.00 0.00 0.00
12 2004 456.87 0.00 0.00 0.00 15.47 0.00 0.00 1.14 0.00 0.00 0.00 0.00 0.00 0.00 0.00 0.00 0.00 0.00
1 2005 532.58 0.00 0.00 0.00 15.47 0.00 0.00 1.14 0.00 0.00 0.00 0.00 0.00 0.00 0.00 0.00 0.00 0.00
2 2005 608.29 0.00 0.00 0.00 15.47 0.00 0.00 1.14 0.00 0.00 0.00 0.00 0.00 0.00 0.00 0.00 0.00 0.00
3 2005 646.14 0.00 0.00 0.00 15.47 0.00 0.00 1.14 0.00 0.00 0.00 0.00 0.00 0.00 0.00 0.00 0.00 0.00
4 2005 797.56 0.00 0.00 0.00 15.47 0.00 0.00 1.14 0.00 0.00 0.00 0.00 0.00 0.00 0.00 0.00 0.00 0.00
5 2005 873.27 0.00 0.00 0.00 15.47 0.00 0.00 1.14 0.00 0.00 0.00 0.00 0.00 0.00 0.00 0.00 0.00 0.00
6 2005 797.56 0.00 0.00 0.00 15.47 0.00 0.00 1.14 0.00 0.00 0.00 0.00 0.00 0.00 0.00 0.00 0.00 0.00
7 2005 911.12 0.00 0.00 0.00 15.47 0.00 0.00 1.14 0.00 0.00 0.00 0.00 0.00 0.00 0.00 0.00 0.00 0.00
8 2005 532.58 0.00 0.00 0.00 15.47 0.00 0.00 1.14 0.00 0.00 0.00 0.00 0.00 0.00 0.00 0.00 0.00 0.00
9 2005 2463.13 0.00 0.00 0.00 15.47 0.00 0.00 1.14 0.00 0.00 0.00 0.00 0.00 0.00 0.00 0.00 0.00 0.00
10 2005 986.83 0.00 0.00 0.00 15.47 0.00 0.00 1.14 0.00 0.00 0.00 0.00 0.00 0.00 0.00 0.00 0.00 0.00
11 2005 494.73 0.00 0.00 0.00 15.47 0.00 0.00 1.14 0.00 0.00 0.00 0.00 0.00 0.00 0.00 0.00 0.00 0.00
12 2005 494.73 0.00 0.00 0.00 15.47 0.00 0.00 1.14 0.00 0.00 0.00 0.00 0.00 0.00 0.00 0.00 0.00 0.00
1 2006 532.58 0.00 0.00 0.00 15.47 0.00 0.00 1.14 0.00 0.00 0.00 0.00 0.00 0.00 0.00 0.00 0.00 0.00
2 2006 532.58 0.00 0.00 0.00 15.47 0.00 0.00 1.14 0.00 0.00 0.00 0.00 0.00 0.00 0.00 0.00 0.00 0.00
3 2006 456.87 0.00 0.00 0.00 15.47 0.00 0.00 1.14 0.00 0.00 0.00 0.00 0.00 0.00 0.00 0.00 0.00 0.00
4 2006 532.58 0.00 0.00 0.00 15.47 0.00 0.00 1.14 0.00 0.00 0.00 0.00 0.00 0.00 0.00 0.00 0.00 0.00
5 2006 570.43 0.00 0.00 0.00 15.47 0.00 0.00 1.14 0.00 0.00 0.00 0.00 0.00 0.00 0.00 0.00 0.00 0.00
6 2006 608.29 0.00 0.00 0.00 15.47 0.00 0.00 1.14 0.00 0.00 0.00 0.00 0.00 0.00 0.00 0.00 0.00 0.00
7 2006 570.43 0.00 0.00 0.00 15.47 0.00 0.00 1.14 0.00 0.00 0.00 0.00 0.00 0.00 0.00 0.00 0.00 0.00
8 2006 759.70 0.00 0.00 0.00 15.47 0.00 0.00 1.14 0.00 0.00 0.00 0.00 0.00 0.00 0.00 0.00 0.00 0.00
9 2006 1516.78 0.00 0.00 0.00 15.47 0.00 0.00 1.14 0.00 0.00 0.00 0.00 0.00 0.00 0.00 0.00 0.00 0.00
10 2006 2.62 0.00 0.00 0.00 0.12 0.00 0.00 0.00 0.00 0.00 0.00 0.00 0.00 0.00 0.00 0.00 0.00 0.00
11 2006 2.62 0.00 0.00 0.00 0.12 0.00 0.00 0.00 0.00 0.00 0.00 0.00 0.00 0.00 0.00 0.00 0.00 0.00
12 2006 2.62 0.00 0.00 0.00 0.12 0.00 0.00 0.00 0.00 0.00 0.00 0.00 0.00 0.00 0.00 0.00 0.00 0.00
