Written by i_SWAT





1 1983 659.96 0.00 0.00 0.00 19.77 0.00 0.00 1.45 0.00 0.00 0.00 0.00 0.00 0.00 0.00 0.00 0.00 0.00
2 1983 1236.07 0.00 0.00 0.00 19.77 0.00 0.00 1.45 0.00 0.00 0.00 0.00 0.00 0.00 0.00 0.00 0.00 0.00
3 1983 1791.57 0.00 0.00 0.00 19.77 0.00 0.00 1.45 0.00 0.00 0.00 0.00 0.00 0.00 0.00 0.00 0.00 0.00
4 1983 2515.53 0.00 0.00 0.00 19.77 0.00 0.00 1.45 0.00 0.00 0.00 0.00 0.00 0.00 0.00 0.00 0.00 0.00
5 1983 4009.19 0.00 0.00 0.00 19.77 0.00 0.00 1.45 0.00 0.00 0.00 0.00 0.00 0.00 0.00 0.00 0.00 0.00
6 1983 2394.08 0.00 0.00 0.00 19.77 0.00 0.00 1.45 0.00 0.00 0.00 0.00 0.00 0.00 0.00 0.00 0.00 0.00
7 1983 2005.13 0.00 0.00 0.00 19.77 0.00 0.00 1.45 0.00 0.00 0.00 0.00 0.00 0.00 0.00 0.00 0.00 0.00
8 1983 1799.14 0.00 0.00 0.00 19.77 0.00 0.00 1.45 0.00 0.00 0.00 0.00 0.00 0.00 0.00 0.00 0.00 0.00
9 1983 1357.51 0.00 0.00 0.00 19.77 0.00 0.00 1.45 0.00 0.00 0.00 0.00 0.00 0.00 0.00 0.00 0.00 0.00
10 1983 775.51 0.00 0.00 0.00 19.77 0.00 0.00 1.45 0.00 0.00 0.00 0.00 0.00 0.00 0.00 0.00 0.00 0.00
11 1983 1025.66 0.00 0.00 0.00 19.77 0.00 0.00 1.45 0.00 0.00 0.00 0.00 0.00 0.00 0.00 0.00 0.00 0.00
12 1983 545.23 0.00 0.00 0.00 19.77 0.00 0.00 1.45 0.00 0.00 0.00 0.00 0.00 0.00 0.00 0.00 0.00 0.00
1 1984 659.96 0.00 0.00 0.00 19.77 0.00 0.00 1.45 0.00 0.00 0.00 0.00 0.00 0.00 0.00 0.00 0.00 0.00
2 1984 1236.07 0.00 0.00 0.00 19.77 0.00 0.00 1.45 0.00 0.00 0.00 0.00 0.00 0.00 0.00 0.00 0.00 0.00
3 1984 1791.57 0.00 0.00 0.00 19.77 0.00 0.00 1.45 0.00 0.00 0.00 0.00 0.00 0.00 0.00 0.00 0.00 0.00
4 1984 2515.53 0.00 0.00 0.00 19.77 0.00 0.00 1.45 0.00 0.00 0.00 0.00 0.00 0.00 0.00 0.00 0.00 0.00
5 1984 4009.19 0.00 0.00 0.00 19.77 0.00 0.00 1.45 0.00 0.00 0.00 0.00 0.00 0.00 0.00 0.00 0.00 0.00
6 1984 2394.08 0.00 0.00 0.00 19.77 0.00 0.00 1.45 0.00 0.00 0.00 0.00 0.00 0.00 0.00 0.00 0.00 0.00
7 1984 2005.13 0.00 0.00 0.00 19.77 0.00 0.00 1.45 0.00 0.00 0.00 0.00 0.00 0.00 0.00 0.00 0.00 0.00
8 1984 1799.14 0.00 0.00 0.00 19.77 0.00 0.00 1.45 0.00 0.00 0.00 0.00 0.00 0.00 0.00 0.00 0.00 0.00
9 1984 1357.51 0.00 0.00 0.00 19.77 0.00 0.00 1.45 0.00 0.00 0.00 0.00 0.00 0.00 0.00 0.00 0.00 0.00
10 1984 775.51 0.00 0.00 0.00 19.77 0.00 0.00 1.45 0.00 0.00 0.00 0.00 0.00 0.00 0.00 0.00 0.00 0.00
11 1984 1025.66 0.00 0.00 0.00 19.77 0.00 0.00 1.45 0.00 0.00 0.00 0.00 0.00 0.00 0.00 0.00 0.00 0.00
12 1984 545.23 0.00 0.00 0.00 19.77 0.00 0.00 1.45 0.00 0.00 0.00 0.00 0.00 0.00 0.00 0.00 0.00 0.00
1 1985 659.96 0.00 0.00 0.00 19.77 0.00 0.00 1.45 0.00 0.00 0.00 0.00 0.00 0.00 0.00 0.00 0.00 0.00
2 1985 1236.07 0.00 0.00 0.00 19.77 0.00 0.00 1.45 0.00 0.00 0.00 0.00 0.00 0.00 0.00 0.00 0.00 0.00
3 1985 1791.57 0.00 0.00 0.00 19.77 0.00 0.00 1.45 0.00 0.00 0.00 0.00 0.00 0.00 0.00 0.00 0.00 0.00
4 1985 2515.53 0.00 0.00 0.00 19.77 0.00 0.00 1.45 0.00 0.00 0.00 0.00 0.00 0.00 0.00 0.00 0.00 0.00
5 1985 4009.19 0.00 0.00 0.00 19.77 0.00 0.00 1.45 0.00 0.00 0.00 0.00 0.00 0.00 0.00 0.00 0.00 0.00
6 1985 2394.08 0.00 0.00 0.00 19.77 0.00 0.00 1.45 0.00 0.00 0.00 0.00 0.00 0.00 0.00 0.00 0.00 0.00
7 1985 2005.13 0.00 0.00 0.00 19.77 0.00 0.00 1.45 0.00 0.00 0.00 0.00 0.00 0.00 0.00 0.00 0.00 0.00
8 1985 1799.14 0.00 0.00 0.00 19.77 0.00 0.00 1.45 0.00 0.00 0.00 0.00 0.00 0.00 0.00 0.00 0.00 0.00
9 1985 1357.51 0.00 0.00 0.00 19.77 0.00 0.00 1.45 0.00 0.00 0.00 0.00 0.00 0.00 0.00 0.00 0.00 0.00
10 1985 775.51 0.00 0.00 0.00 19.77 0.00 0.00 1.45 0.00 0.00 0.00 0.00 0.00 0.00 0.00 0.00 0.00 0.00
11 1985 1025.66 0.00 0.00 0.00 19.77 0.00 0.00 1.45 0.00 0.00 0.00 0.00 0.00 0.00 0.00 0.00 0.00 0.00
12 1985 545.23 0.00 0.00 0.00 19.77 0.00 0.00 1.45 0.00 0.00 0.00 0.00 0.00 0.00 0.00 0.00 0.00 0.00
1 1986 659.96 0.00 0.00 0.00 19.77 0.00 0.00 1.45 0.00 0.00 0.00 0.00 0.00 0.00 0.00 0.00 0.00 0.00
2 1986 1236.07 0.00 0.00 0.00 19.77 0.00 0.00 1.45 0.00 0.00 0.00 0.00 0.00 0.00 0.00 0.00 0.00 0.00
3 1986 1791.57 0.00 0.00 0.00 19.77 0.00 0.00 1.45 0.00 0.00 0.00 0.00 0.00 0.00 0.00 0.00 0.00 0.00
4 1986 2515.53 0.00 0.00 0.00 19.77 0.00 0.00 1.45 0.00 0.00 0.00 0.00 0.00 0.00 0.00 0.00 0.00 0.00
5 1986 4009.19 0.00 0.00 0.00 19.77 0.00 0.00 1.45 0.00 0.00 0.00 0.00 0.00 0.00 0.00 0.00 0.00 0.00
6 1986 2394.08 0.00 0.00 0.00 19.77 0.00 0.00 1.45 0.00 0.00 0.00 0.00 0.00 0.00 0.00 0.00 0.00 0.00
7 1986 2005.13 0.00 0.00 0.00 19.77 0.00 0.00 1.45 0.00 0.00 0.00 0.00 0.00 0.00 0.00 0.00 0.00 0.00
8 1986 1799.14 0.00 0.00 0.00 19.77 0.00 0.00 1.45 0.00 0.00 0.00 0.00 0.00 0.00 0.00 0.00 0.00 0.00
9 1986 1357.51 0.00 0.00 0.00 19.77 0.00 0.00 1.45 0.00 0.00 0.00 0.00 0.00 0.00 0.00 0.00 0.00 0.00
10 1986 775.51 0.00 0.00 0.00 19.77 0.00 0.00 1.45 0.00 0.00 0.00 0.00 0.00 0.00 0.00 0.00 0.00 0.00
11 1986 1025.66 0.00 0.00 0.00 19.77 0.00 0.00 1.45 0.00 0.00 0.00 0.00 0.00 0.00 0.00 0.00 0.00 0.00
12 1986 545.23 0.00 0.00 0.00 19.77 0.00 0.00 1.45 0.00 0.00 0.00 0.00 0.00 0.00 0.00 0.00 0.00 0.00
1 1987 659.96 0.00 0.00 0.00 19.77 0.00 0.00 1.45 0.00 0.00 0.00 0.00 0.00 0.00 0.00 0.00 0.00 0.00
2 1987 1236.07 0.00 0.00 0.00 19.77 0.00 0.00 1.45 0.00 0.00 0.00 0.00 0.00 0.00 0.00 0.00 0.00 0.00
3 1987 1791.57 0.00 0.00 0.00 19.77 0.00 0.00 1.45 0.00 0.00 0.00 0.00 0.00 0.00 0.00 0.00 0.00 0.00
4 1987 2515.53 0.00 0.00 0.00 19.77 0.00 0.00 1.45 0.00 0.00 0.00 0.00 0.00 0.00 0.00 0.00 0.00 0.00
5 1987 4009.19 0.00 0.00 0.00 19.77 0.00 0.00 1.45 0.00 0.00 0.00 0.00 0.00 0.00 0.00 0.00 0.00 0.00
6 1987 2394.08 0.00 0.00 0.00 19.77 0.00 0.00 1.45 0.00 0.00 0.00 0.00 0.00 0.00 0.00 0.00 0.00 0.00
7 1987 2005.13 0.00 0.00 0.00 19.77 0.00 0.00 1.45 0.00 0.00 0.00 0.00 0.00 0.00 0.00 0.00 0.00 0.00
8 1987 1799.14 0.00 0.00 0.00 19.77 0.00 0.00 1.45 0.00 0.00 0.00 0.00 0.00 0.00 0.00 0.00 0.00 0.00
9 1987 1357.51 0.00 0.00 0.00 19.77 0.00 0.00 1.45 0.00 0.00 0.00 0.00 0.00 0.00 0.00 0.00 0.00 0.00
10 1987 775.51 0.00 0.00 0.00 19.77 0.00 0.00 1.45 0.00 0.00 0.00 0.00 0.00 0.00 0.00 0.00 0.00 0.00
11 1987 1025.66 0.00 0.00 0.00 19.77 0.00 0.00 1.45 0.00 0.00 0.00 0.00 0.00 0.00 0.00 0.00 0.00 0.00
12 1987 545.23 0.00 0.00 0.00 19.77 0.00 0.00 1.45 0.00 0.00 0.00 0.00 0.00 0.00 0.00 0.00 0.00 0.00
1 1988 659.96 0.00 0.00 0.00 19.77 0.00 0.00 1.45 0.00 0.00 0.00 0.00 0.00 0.00 0.00 0.00 0.00 0.00
2 1988 1236.07 0.00 0.00 0.00 19.77 0.00 0.00 1.45 0.00 0.00 0.00 0.00 0.00 0.00 0.00 0.00 0.00 0.00
3 1988 1791.57 0.00 0.00 0.00 19.77 0.00 0.00 1.45 0.00 0.00 0.00 0.00 0.00 0.00 0.00 0.00 0.00 0.00
4 1988 2515.53 0.00 0.00 0.00 19.77 0.00 0.00 1.45 0.00 0.00 0.00 0.00 0.00 0.00 0.00 0.00 0.00 0.00
5 1988 4009.19 0.00 0.00 0.00 19.77 0.00 0.00 1.45 0.00 0.00 0.00 0.00 0.00 0.00 0.00 0.00 0.00 0.00
6 1988 2394.08 0.00 0.00 0.00 19.77 0.00 0.00 1.45 0.00 0.00 0.00 0.00 0.00 0.00 0.00 0.00 0.00 0.00
7 1988 2005.13 0.00 0.00 0.00 19.77 0.00 0.00 1.45 0.00 0.00 0.00 0.00 0.00 0.00 0.00 0.00 0.00 0.00
8 1988 1799.14 0.00 0.00 0.00 19.77 0.00 0.00 1.45 0.00 0.00 0.00 0.00 0.00 0.00 0.00 0.00 0.00 0.00
9 1988 1357.51 0.00 0.00 0.00 19.77 0.00 0.00 1.45 0.00 0.00 0.00 0.00 0.00 0.00 0.00 0.00 0.00 0.00
10 1988 775.51 0.00 0.00 0.00 19.77 0.00 0.00 1.45 0.00 0.00 0.00 0.00 0.00 0.00 0.00 0.00 0.00 0.00
11 1988 1025.66 0.00 0.00 0.00 19.77 0.00 0.00 1.45 0.00 0.00 0.00 0.00 0.00 0.00 0.00 0.00 0.00 0.00
12 1988 545.23 0.00 0.00 0.00 19.77 0.00 0.00 1.45 0.00 0.00 0.00 0.00 0.00 0.00 0.00 0.00 0.00 0.00
1 1989 659.96 0.00 0.00 0.00 19.77 0.00 0.00 1.45 0.00 0.00 0.00 0.00 0.00 0.00 0.00 0.00 0.00 0.00
2 1989 1236.07 0.00 0.00 0.00 19.77 0.00 0.00 1.45 0.00 0.00 0.00 0.00 0.00 0.00 0.00 0.00 0.00 0.00
3 1989 1791.57 0.00 0.00 0.00 19.77 0.00 0.00 1.45 0.00 0.00 0.00 0.00 0.00 0.00 0.00 0.00 0.00 0.00
4 1989 2515.53 0.00 0.00 0.00 19.77 0.00 0.00 1.45 0.00 0.00 0.00 0.00 0.00 0.00 0.00 0.00 0.00 0.00
5 1989 4009.19 0.00 0.00 0.00 19.77 0.00 0.00 1.45 0.00 0.00 0.00 0.00 0.00 0.00 0.00 0.00 0.00 0.00
6 1989 2394.08 0.00 0.00 0.00 19.77 0.00 0.00 1.45 0.00 0.00 0.00 0.00 0.00 0.00 0.00 0.00 0.00 0.00
7 1989 2005.13 0.00 0.00 0.00 19.77 0.00 0.00 1.45 0.00 0.00 0.00 0.00 0.00 0.00 0.00 0.00 0.00 0.00
8 1989 1799.14 0.00 0.00 0.00 19.77 0.00 0.00 1.45 0.00 0.00 0.00 0.00 0.00 0.00 0.00 0.00 0.00 0.00
9 1989 1357.51 0.00 0.00 0.00 19.77 0.00 0.00 1.45 0.00 0.00 0.00 0.00 0.00 0.00 0.00 0.00 0.00 0.00
10 1989 775.51 0.00 0.00 0.00 19.77 0.00 0.00 1.45 0.00 0.00 0.00 0.00 0.00 0.00 0.00 0.00 0.00 0.00
11 1989 1025.66 0.00 0.00 0.00 19.77 0.00 0.00 1.45 0.00 0.00 0.00 0.00 0.00 0.00 0.00 0.00 0.00 0.00
12 1989 545.23 0.00 0.00 0.00 19.77 0.00 0.00 1.45 0.00 0.00 0.00 0.00 0.00 0.00 0.00 0.00 0.00 0.00
1 1990 659.96 0.00 0.00 0.00 19.77 0.00 0.00 1.45 0.00 0.00 0.00 0.00 0.00 0.00 0.00 0.00 0.00 0.00
2 1990 1236.07 0.00 0.00 0.00 19.77 0.00 0.00 1.45 0.00 0.00 0.00 0.00 0.00 0.00 0.00 0.00 0.00 0.00
3 1990 1791.57 0.00 0.00 0.00 19.77 0.00 0.00 1.45 0.00 0.00 0.00 0.00 0.00 0.00 0.00 0.00 0.00 0.00
4 1990 2515.53 0.00 0.00 0.00 19.77 0.00 0.00 1.45 0.00 0.00 0.00 0.00 0.00 0.00 0.00 0.00 0.00 0.00
5 1990 4009.19 0.00 0.00 0.00 19.77 0.00 0.00 1.45 0.00 0.00 0.00 0.00 0.00 0.00 0.00 0.00 0.00 0.00
6 1990 2394.08 0.00 0.00 0.00 19.77 0.00 0.00 1.45 0.00 0.00 0.00 0.00 0.00 0.00 0.00 0.00 0.00 0.00
7 1990 2005.13 0.00 0.00 0.00 19.77 0.00 0.00 1.45 0.00 0.00 0.00 0.00 0.00 0.00 0.00 0.00 0.00 0.00
8 1990 1799.14 0.00 0.00 0.00 19.77 0.00 0.00 1.45 0.00 0.00 0.00 0.00 0.00 0.00 0.00 0.00 0.00 0.00
9 1990 1357.51 0.00 0.00 0.00 19.77 0.00 0.00 1.45 0.00 0.00 0.00 0.00 0.00 0.00 0.00 0.00 0.00 0.00
10 1990 775.51 0.00 0.00 0.00 19.77 0.00 0.00 1.45 0.00 0.00 0.00 0.00 0.00 0.00 0.00 0.00 0.00 0.00
11 1990 1025.66 0.00 0.00 0.00 19.77 0.00 0.00 1.45 0.00 0.00 0.00 0.00 0.00 0.00 0.00 0.00 0.00 0.00
12 1990 545.23 0.00 0.00 0.00 19.77 0.00 0.00 1.45 0.00 0.00 0.00 0.00 0.00 0.00 0.00 0.00 0.00 0.00
1 1991 659.96 0.00 0.00 0.00 19.77 0.00 0.00 1.45 0.00 0.00 0.00 0.00 0.00 0.00 0.00 0.00 0.00 0.00
2 1991 1236.07 0.00 0.00 0.00 19.77 0.00 0.00 1.45 0.00 0.00 0.00 0.00 0.00 0.00 0.00 0.00 0.00 0.00
3 1991 1791.57 0.00 0.00 0.00 19.77 0.00 0.00 1.45 0.00 0.00 0.00 0.00 0.00 0.00 0.00 0.00 0.00 0.00
4 1991 2515.53 0.00 0.00 0.00 19.77 0.00 0.00 1.45 0.00 0.00 0.00 0.00 0.00 0.00 0.00 0.00 0.00 0.00
5 1991 4009.19 0.00 0.00 0.00 19.77 0.00 0.00 1.45 0.00 0.00 0.00 0.00 0.00 0.00 0.00 0.00 0.00 0.00
6 1991 2394.08 0.00 0.00 0.00 19.77 0.00 0.00 1.45 0.00 0.00 0.00 0.00 0.00 0.00 0.00 0.00 0.00 0.00
7 1991 2005.13 0.00 0.00 0.00 19.77 0.00 0.00 1.45 0.00 0.00 0.00 0.00 0.00 0.00 0.00 0.00 0.00 0.00
8 1991 1799.14 0.00 0.00 0.00 19.77 0.00 0.00 1.45 0.00 0.00 0.00 0.00 0.00 0.00 0.00 0.00 0.00 0.00
9 1991 1357.51 0.00 0.00 0.00 19.77 0.00 0.00 1.45 0.00 0.00 0.00 0.00 0.00 0.00 0.00 0.00 0.00 0.00
10 1991 775.51 0.00 0.00 0.00 19.77 0.00 0.00 1.45 0.00 0.00 0.00 0.00 0.00 0.00 0.00 0.00 0.00 0.00
11 1991 1025.66 0.00 0.00 0.00 19.77 0.00 0.00 1.45 0.00 0.00 0.00 0.00 0.00 0.00 0.00 0.00 0.00 0.00
12 1991 545.23 0.00 0.00 0.00 19.77 0.00 0.00 1.45 0.00 0.00 0.00 0.00 0.00 0.00 0.00 0.00 0.00 0.00
1 1992 659.96 0.00 0.00 0.00 19.77 0.00 0.00 1.45 0.00 0.00 0.00 0.00 0.00 0.00 0.00 0.00 0.00 0.00
2 1992 1236.07 0.00 0.00 0.00 19.77 0.00 0.00 1.45 0.00 0.00 0.00 0.00 0.00 0.00 0.00 0.00 0.00 0.00
3 1992 1791.57 0.00 0.00 0.00 19.77 0.00 0.00 1.45 0.00 0.00 0.00 0.00 0.00 0.00 0.00 0.00 0.00 0.00
4 1992 2515.53 0.00 0.00 0.00 19.77 0.00 0.00 1.45 0.00 0.00 0.00 0.00 0.00 0.00 0.00 0.00 0.00 0.00
5 1992 4009.19 0.00 0.00 0.00 19.77 0.00 0.00 1.45 0.00 0.00 0.00 0.00 0.00 0.00 0.00 0.00 0.00 0.00
6 1992 2394.08 0.00 0.00 0.00 19.77 0.00 0.00 1.45 0.00 0.00 0.00 0.00 0.00 0.00 0.00 0.00 0.00 0.00
7 1992 2005.13 0.00 0.00 0.00 19.77 0.00 0.00 1.45 0.00 0.00 0.00 0.00 0.00 0.00 0.00 0.00 0.00 0.00
8 1992 1799.14 0.00 0.00 0.00 19.77 0.00 0.00 1.45 0.00 0.00 0.00 0.00 0.00 0.00 0.00 0.00 0.00 0.00
9 1992 1357.51 0.00 0.00 0.00 19.77 0.00 0.00 1.45 0.00 0.00 0.00 0.00 0.00 0.00 0.00 0.00 0.00 0.00
10 1992 775.51 0.00 0.00 0.00 19.77 0.00 0.00 1.45 0.00 0.00 0.00 0.00 0.00 0.00 0.00 0.00 0.00 0.00
11 1992 1025.66 0.00 0.00 0.00 19.77 0.00 0.00 1.45 0.00 0.00 0.00 0.00 0.00 0.00 0.00 0.00 0.00 0.00
12 1992 545.23 0.00 0.00 0.00 19.77 0.00 0.00 1.45 0.00 0.00 0.00 0.00 0.00 0.00 0.00 0.00 0.00 0.00
1 1993 659.96 0.00 0.00 0.00 19.77 0.00 0.00 1.45 0.00 0.00 0.00 0.00 0.00 0.00 0.00 0.00 0.00 0.00
2 1993 1236.07 0.00 0.00 0.00 19.77 0.00 0.00 1.45 0.00 0.00 0.00 0.00 0.00 0.00 0.00 0.00 0.00 0.00
3 1993 1791.57 0.00 0.00 0.00 19.77 0.00 0.00 1.45 0.00 0.00 0.00 0.00 0.00 0.00 0.00 0.00 0.00 0.00
4 1993 2515.53 0.00 0.00 0.00 19.77 0.00 0.00 1.45 0.00 0.00 0.00 0.00 0.00 0.00 0.00 0.00 0.00 0.00
5 1993 4009.19 0.00 0.00 0.00 19.77 0.00 0.00 1.45 0.00 0.00 0.00 0.00 0.00 0.00 0.00 0.00 0.00 0.00
6 1993 2394.08 0.00 0.00 0.00 19.77 0.00 0.00 1.45 0.00 0.00 0.00 0.00 0.00 0.00 0.00 0.00 0.00 0.00
7 1993 2005.13 0.00 0.00 0.00 19.77 0.00 0.00 1.45 0.00 0.00 0.00 0.00 0.00 0.00 0.00 0.00 0.00 0.00
8 1993 1799.14 0.00 0.00 0.00 19.77 0.00 0.00 1.45 0.00 0.00 0.00 0.00 0.00 0.00 0.00 0.00 0.00 0.00
9 1993 1357.51 0.00 0.00 0.00 19.77 0.00 0.00 1.45 0.00 0.00 0.00 0.00 0.00 0.00 0.00 0.00 0.00 0.00
10 1993 775.51 0.00 0.00 0.00 19.77 0.00 0.00 1.45 0.00 0.00 0.00 0.00 0.00 0.00 0.00 0.00 0.00 0.00
11 1993 1025.66 0.00 0.00 0.00 19.77 0.00 0.00 1.45 0.00 0.00 0.00 0.00 0.00 0.00 0.00 0.00 0.00 0.00
12 1993 545.23 0.00 0.00 0.00 19.77 0.00 0.00 1.45 0.00 0.00 0.00 0.00 0.00 0.00 0.00 0.00 0.00 0.00
1 1994 659.96 0.00 0.00 0.00 19.77 0.00 0.00 1.45 0.00 0.00 0.00 0.00 0.00 0.00 0.00 0.00 0.00 0.00
2 1994 1538.27 0.00 0.00 0.00 19.77 0.00 0.00 1.45 0.00 0.00 0.00 0.00 0.00 0.00 0.00 0.00 0.00 0.00
3 1994 906.10 0.00 0.00 0.00 19.77 0.00 0.00 1.45 0.00 0.00 0.00 0.00 0.00 0.00 0.00 0.00 0.00 0.00
4 1994 739.55 0.00 0.00 0.00 19.77 0.00 0.00 1.45 0.00 0.00 0.00 0.00 0.00 0.00 0.00 0.00 0.00 0.00
5 1994 709.26 0.00 0.00 0.00 19.77 0.00 0.00 1.45 0.00 0.00 0.00 0.00 0.00 0.00 0.00 0.00 0.00 0.00
6 1994 928.82 0.00 0.00 0.00 19.77 0.00 0.00 1.45 0.00 0.00 0.00 0.00 0.00 0.00 0.00 0.00 0.00 0.00
7 1994 720.62 0.00 0.00 0.00 19.77 0.00 0.00 1.45 0.00 0.00 0.00 0.00 0.00 0.00 0.00 0.00 0.00 0.00
8 1994 936.39 0.00 0.00 0.00 19.77 0.00 0.00 1.45 0.00 0.00 0.00 0.00 0.00 0.00 0.00 0.00 0.00 0.00
9 1994 819.04 0.00 0.00 0.00 19.77 0.00 0.00 1.45 0.00 0.00 0.00 0.00 0.00 0.00 0.00 0.00 0.00 0.00
10 1994 735.76 0.00 0.00 0.00 19.77 0.00 0.00 1.45 0.00 0.00 0.00 0.00 0.00 0.00 0.00 0.00 0.00 0.00
11 1994 535.14 0.00 0.00 0.00 19.77 0.00 0.00 1.45 0.00 0.00 0.00 0.00 0.00 0.00 0.00 0.00 0.00 0.00
12 1994 569.21 0.00 0.00 0.00 19.77 0.00 0.00 1.45 0.00 0.00 0.00 0.00 0.00 0.00 0.00 0.00 0.00 0.00
1 1995 53.26 0.00 0.00 0.00 19.77 0.00 0.00 1.45 0.00 0.00 0.00 0.00 0.00 0.00 0.00 0.00 0.00 0.00
2 1995 459.43 0.00 0.00 0.00 19.77 0.00 0.00 1.45 0.00 0.00 0.00 0.00 0.00 0.00 0.00 0.00 0.00 0.00
3 1995 868.25 0.00 0.00 0.00 19.77 0.00 0.00 1.45 0.00 0.00 0.00 0.00 0.00 0.00 0.00 0.00 0.00 0.00
4 1995 2094.72 0.00 0.00 0.00 19.77 0.00 0.00 1.45 0.00 0.00 0.00 0.00 0.00 0.00 0.00 0.00 0.00 0.00
5 1995 4229.69 0.00 0.00 0.00 19.77 0.00 0.00 1.45 0.00 0.00 0.00 0.00 0.00 0.00 0.00 0.00 0.00 0.00
6 1995 1246.79 0.00 0.00 0.00 19.77 0.00 0.00 1.45 0.00 0.00 0.00 0.00 0.00 0.00 0.00 0.00 0.00 0.00
7 1995 1258.15 0.00 0.00 0.00 19.77 0.00 0.00 1.45 0.00 0.00 0.00 0.00 0.00 0.00 0.00 0.00 0.00 0.00
8 1995 2344.56 0.00 0.00 0.00 19.77 0.00 0.00 1.45 0.00 0.00 0.00 0.00 0.00 0.00 0.00 0.00 0.00 0.00
9 1995 694.12 0.00 0.00 0.00 19.77 0.00 0.00 1.45 0.00 0.00 0.00 0.00 0.00 0.00 0.00 0.00 0.00 0.00
10 1995 644.91 0.00 0.00 0.00 19.77 0.00 0.00 1.45 0.00 0.00 0.00 0.00 0.00 0.00 0.00 0.00 0.00 0.00
11 1995 815.26 0.00 0.00 0.00 19.77 0.00 0.00 1.45 0.00 0.00 0.00 0.00 0.00 0.00 0.00 0.00 0.00 0.00
12 1995 508.64 0.00 0.00 0.00 19.77 0.00 0.00 1.45 0.00 0.00 0.00 0.00 0.00 0.00 0.00 0.00 0.00 0.00
1 1996 660.05 0.00 0.00 0.00 19.77 0.00 0.00 1.45 0.00 0.00 0.00 0.00 0.00 0.00 0.00 0.00 0.00 0.00
2 1996 750.90 0.00 0.00 0.00 19.77 0.00 0.00 1.45 0.00 0.00 0.00 0.00 0.00 0.00 0.00 0.00 0.00 0.00
3 1996 485.93 0.00 0.00 0.00 19.77 0.00 0.00 1.45 0.00 0.00 0.00 0.00 0.00 0.00 0.00 0.00 0.00 0.00
4 1996 504.85 0.00 0.00 0.00 19.77 0.00 0.00 1.45 0.00 0.00 0.00 0.00 0.00 0.00 0.00 0.00 0.00 0.00
5 1996 4097.20 0.00 0.00 0.00 19.77 0.00 0.00 1.45 0.00 0.00 0.00 0.00 0.00 0.00 0.00 0.00 0.00 0.00
6 1996 2885.87 0.00 0.00 0.00 19.77 0.00 0.00 1.45 0.00 0.00 0.00 0.00 0.00 0.00 0.00 0.00 0.00 0.00
7 1996 3449.89 0.00 0.00 0.00 19.77 0.00 0.00 1.45 0.00 0.00 0.00 0.00 0.00 0.00 0.00 0.00 0.00 0.00
8 1996 3347.69 0.00 0.00 0.00 19.77 0.00 0.00 1.45 0.00 0.00 0.00 0.00 0.00 0.00 0.00 0.00 0.00 0.00
9 1996 2465.69 0.00 0.00 0.00 19.77 0.00 0.00 1.45 0.00 0.00 0.00 0.00 0.00 0.00 0.00 0.00 0.00 0.00
10 1996 5.18 0.00 0.00 0.00 19.77 0.00 0.00 1.45 0.00 0.00 0.00 0.00 0.00 0.00 0.00 0.00 0.00 0.00
11 1996 1939.52 0.00 0.00 0.00 19.77 0.00 0.00 1.45 0.00 0.00 0.00 0.00 0.00 0.00 0.00 0.00 0.00 0.00
12 1996 913.68 0.00 0.00 0.00 19.77 0.00 0.00 1.45 0.00 0.00 0.00 0.00 0.00 0.00 0.00 0.00 0.00 0.00
1 1997 610.84 0.00 0.00 0.00 19.77 0.00 0.00 1.45 0.00 0.00 0.00 0.00 0.00 0.00 0.00 0.00 0.00 0.00
2 1997 2730.67 0.00 0.00 0.00 19.77 0.00 0.00 1.45 0.00 0.00 0.00 0.00 0.00 0.00 0.00 0.00 0.00 0.00
3 1997 4623.37 0.00 0.00 0.00 19.77 0.00 0.00 1.45 0.00 0.00 0.00 0.00 0.00 0.00 0.00 0.00 0.00 0.00
4 1997 3601.31 0.00 0.00 0.00 19.77 0.00 0.00 1.45 0.00 0.00 0.00 0.00 0.00 0.00 0.00 0.00 0.00 0.00
5 1997 2389.98 0.00 0.00 0.00 19.77 0.00 0.00 1.45 0.00 0.00 0.00 0.00 0.00 0.00 0.00 0.00 0.00 0.00
6 1997 1708.61 0.00 0.00 0.00 19.77 0.00 0.00 1.45 0.00 0.00 0.00 0.00 0.00 0.00 0.00 0.00 0.00 0.00
7 1997 535.14 0.00 0.00 0.00 19.77 0.00 0.00 1.45 0.00 0.00 0.00 0.00 0.00 0.00 0.00 0.00 0.00 0.00
8 1997 572.99 0.00 0.00 0.00 19.77 0.00 0.00 1.45 0.00 0.00 0.00 0.00 0.00 0.00 0.00 0.00 0.00 0.00
9 1997 4017.70 0.00 0.00 0.00 19.77 0.00 0.00 1.45 0.00 0.00 0.00 0.00 0.00 0.00 0.00 0.00 0.00 0.00
10 1997 3260.62 0.00 0.00 0.00 19.77 0.00 0.00 1.45 0.00 0.00 0.00 0.00 0.00 0.00 0.00 0.00 0.00 0.00
11 1997 497.28 0.00 0.00 0.00 19.77 0.00 0.00 1.45 0.00 0.00 0.00 0.00 0.00 0.00 0.00 0.00 0.00 0.00
12 1997 610.84 0.00 0.00 0.00 19.77 0.00 0.00 1.45 0.00 0.00 0.00 0.00 0.00 0.00 0.00 0.00 0.00 0.00
1 1998 724.41 0.00 0.00 0.00 19.77 0.00 0.00 1.45 0.00 0.00 0.00 0.00 0.00 0.00 0.00 0.00 0.00 0.00
2 1998 1102.95 0.00 0.00 0.00 19.77 0.00 0.00 1.45 0.00 0.00 0.00 0.00 0.00 0.00 0.00 0.00 0.00 0.00
3 1998 4396.24 0.00 0.00 0.00 19.77 0.00 0.00 1.45 0.00 0.00 0.00 0.00 0.00 0.00 0.00 0.00 0.00 0.00
4 1998 3790.58 0.00 0.00 0.00 19.77 0.00 0.00 1.45 0.00 0.00 0.00 0.00 0.00 0.00 0.00 0.00 0.00 0.00
5 1998 1784.32 0.00 0.00 0.00 19.77 0.00 0.00 1.45 0.00 0.00 0.00 0.00 0.00 0.00 0.00 0.00 0.00 0.00
6 1998 6591.78 0.00 0.00 0.00 19.77 0.00 0.00 1.45 0.00 0.00 0.00 0.00 0.00 0.00 0.00 0.00 0.00 0.00
7 1998 5456.16 0.00 0.00 0.00 19.77 0.00 0.00 1.45 0.00 0.00 0.00 0.00 0.00 0.00 0.00 0.00 0.00 0.00
8 1998 3714.87 0.00 0.00 0.00 19.77 0.00 0.00 1.45 0.00 0.00 0.00 0.00 0.00 0.00 0.00 0.00 0.00 0.00
9 1998 686.55 0.00 0.00 0.00 19.77 0.00 0.00 1.45 0.00 0.00 0.00 0.00 0.00 0.00 0.00 0.00 0.00 0.00
10 1998 1254.36 0.00 0.00 0.00 19.77 0.00 0.00 1.45 0.00 0.00 0.00 0.00 0.00 0.00 0.00 0.00 0.00 0.00
11 1998 951.53 0.00 0.00 0.00 19.77 0.00 0.00 1.45 0.00 0.00 0.00 0.00 0.00 0.00 0.00 0.00 0.00 0.00
12 1998 459.43 0.00 0.00 0.00 19.77 0.00 0.00 1.45 0.00 0.00 0.00 0.00 0.00 0.00 0.00 0.00 0.00 0.00
1 1999 572.99 0.00 0.00 0.00 19.77 0.00 0.00 1.45 0.00 0.00 0.00 0.00 0.00 0.00 0.00 0.00 0.00 0.00
2 1999 648.70 0.00 0.00 0.00 19.77 0.00 0.00 1.45 0.00 0.00 0.00 0.00 0.00 0.00 0.00 0.00 0.00 0.00
3 1999 1254.36 0.00 0.00 0.00 19.77 0.00 0.00 1.45 0.00 0.00 0.00 0.00 0.00 0.00 0.00 0.00 0.00 0.00
4 1999 4358.39 0.00 0.00 0.00 19.77 0.00 0.00 1.45 0.00 0.00 0.00 0.00 0.00 0.00 0.00 0.00 0.00 0.00
5 1999 3449.89 0.00 0.00 0.00 19.77 0.00 0.00 1.45 0.00 0.00 0.00 0.00 0.00 0.00 0.00 0.00 0.00 0.00
6 1999 3563.46 0.00 0.00 0.00 19.77 0.00 0.00 1.45 0.00 0.00 0.00 0.00 0.00 0.00 0.00 0.00 0.00 0.00
7 1999 2882.08 0.00 0.00 0.00 19.77 0.00 0.00 1.45 0.00 0.00 0.00 0.00 0.00 0.00 0.00 0.00 0.00 0.00
8 1999 2579.25 0.00 0.00 0.00 19.77 0.00 0.00 1.45 0.00 0.00 0.00 0.00 0.00 0.00 0.00 0.00 0.00 0.00
9 1999 800.11 0.00 0.00 0.00 19.77 0.00 0.00 1.45 0.00 0.00 0.00 0.00 0.00 0.00 0.00 0.00 0.00 0.00
10 1999 345.87 0.00 0.00 0.00 19.77 0.00 0.00 1.45 0.00 0.00 0.00 0.00 0.00 0.00 0.00 0.00 0.00 0.00
11 1999 383.72 0.00 0.00 0.00 19.77 0.00 0.00 1.45 0.00 0.00 0.00 0.00 0.00 0.00 0.00 0.00 0.00 0.00
12 1999 345.87 0.00 0.00 0.00 19.77 0.00 0.00 1.45 0.00 0.00 0.00 0.00 0.00 0.00 0.00 0.00 0.00 0.00
1 2000 345.87 0.00 0.00 0.00 19.77 0.00 0.00 1.45 0.00 0.00 0.00 0.00 0.00 0.00 0.00 0.00 0.00 0.00
2 2000 648.70 0.00 0.00 0.00 19.77 0.00 0.00 1.45 0.00 0.00 0.00 0.00 0.00 0.00 0.00 0.00 0.00 0.00
3 2000 535.14 0.00 0.00 0.00 19.77 0.00 0.00 1.45 0.00 0.00 0.00 0.00 0.00 0.00 0.00 0.00 0.00 0.00
4 2000 1178.65 0.00 0.00 0.00 19.77 0.00 0.00 1.45 0.00 0.00 0.00 0.00 0.00 0.00 0.00 0.00 0.00 0.00
5 2000 2087.15 0.00 0.00 0.00 19.77 0.00 0.00 1.45 0.00 0.00 0.00 0.00 0.00 0.00 0.00 0.00 0.00 0.00
6 2000 875.82 0.00 0.00 0.00 19.77 0.00 0.00 1.45 0.00 0.00 0.00 0.00 0.00 0.00 0.00 0.00 0.00 0.00
7 2000 1254.36 0.00 0.00 0.00 19.77 0.00 0.00 1.45 0.00 0.00 0.00 0.00 0.00 0.00 0.00 0.00 0.00 0.00
8 2000 572.99 0.00 0.00 0.00 19.77 0.00 0.00 1.45 0.00 0.00 0.00 0.00 0.00 0.00 0.00 0.00 0.00 0.00
9 2000 345.87 0.00 0.00 0.00 19.77 0.00 0.00 1.45 0.00 0.00 0.00 0.00 0.00 0.00 0.00 0.00 0.00 0.00
10 2000 383.72 0.00 0.00 0.00 19.77 0.00 0.00 1.45 0.00 0.00 0.00 0.00 0.00 0.00 0.00 0.00 0.00 0.00
11 2000 1102.95 0.00 0.00 0.00 19.77 0.00 0.00 1.45 0.00 0.00 0.00 0.00 0.00 0.00 0.00 0.00 0.00 0.00
12 2000 535.14 0.00 0.00 0.00 19.77 0.00 0.00 1.45 0.00 0.00 0.00 0.00 0.00 0.00 0.00 0.00 0.00 0.00
1 2001 2276.42 0.00 0.00 0.00 19.77 0.00 0.00 1.45 0.00 0.00 0.00 0.00 0.00 0.00 0.00 0.00 0.00 0.00
2 2001 1822.17 0.00 0.00 0.00 19.77 0.00 0.00 1.45 0.00 0.00 0.00 0.00 0.00 0.00 0.00 0.00 0.00 0.00
3 2001 2806.38 0.00 0.00 0.00 19.77 0.00 0.00 1.45 0.00 0.00 0.00 0.00 0.00 0.00 0.00 0.00 0.00 0.00
4 2001 3222.77 0.00 0.00 0.00 19.77 0.00 0.00 1.45 0.00 0.00 0.00 0.00 0.00 0.00 0.00 0.00 0.00 0.00
5 2001 3184.92 0.00 0.00 0.00 19.77 0.00 0.00 1.45 0.00 0.00 0.00 0.00 0.00 0.00 0.00 0.00 0.00 0.00
6 2001 1405.78 0.00 0.00 0.00 19.77 0.00 0.00 1.45 0.00 0.00 0.00 0.00 0.00 0.00 0.00 0.00 0.00 0.00
7 2001 648.70 0.00 0.00 0.00 19.77 0.00 0.00 1.45 0.00 0.00 0.00 0.00 0.00 0.00 0.00 0.00 0.00 0.00
8 2001 1027.24 0.00 0.00 0.00 19.77 0.00 0.00 1.45 0.00 0.00 0.00 0.00 0.00 0.00 0.00 0.00 0.00 0.00
9 2001 3563.46 0.00 0.00 0.00 19.77 0.00 0.00 1.45 0.00 0.00 0.00 0.00 0.00 0.00 0.00 0.00 0.00 0.00
10 2001 459.43 0.00 0.00 0.00 19.77 0.00 0.00 1.45 0.00 0.00 0.00 0.00 0.00 0.00 0.00 0.00 0.00 0.00
11 2001 724.41 0.00 0.00 0.00 19.77 0.00 0.00 1.45 0.00 0.00 0.00 0.00 0.00 0.00 0.00 0.00 0.00 0.00
12 2001 572.99 0.00 0.00 0.00 19.77 0.00 0.00 1.45 0.00 0.00 0.00 0.00 0.00 0.00 0.00 0.00 0.00 0.00
1 2002 459.43 0.00 0.00 0.00 19.77 0.00 0.00 1.45 0.00 0.00 0.00 0.00 0.00 0.00 0.00 0.00 0.00 0.00
2 2002 572.99 0.00 0.00 0.00 19.77 0.00 0.00 1.45 0.00 0.00 0.00 0.00 0.00 0.00 0.00 0.00 0.00 0.00
3 2002 535.14 0.00 0.00 0.00 19.77 0.00 0.00 1.45 0.00 0.00 0.00 0.00 0.00 0.00 0.00 0.00 0.00 0.00
4 2002 1897.88 0.00 0.00 0.00 19.77 0.00 0.00 1.45 0.00 0.00 0.00 0.00 0.00 0.00 0.00 0.00 0.00 0.00
5 2002 7311.00 0.00 0.00 0.00 19.77 0.00 0.00 1.45 0.00 0.00 0.00 0.00 0.00 0.00 0.00 0.00 0.00 0.00
6 2002 3374.19 0.00 0.00 0.00 19.77 0.00 0.00 1.45 0.00 0.00 0.00 0.00 0.00 0.00 0.00 0.00 0.00 0.00
7 2002 1140.80 0.00 0.00 0.00 19.77 0.00 0.00 1.45 0.00 0.00 0.00 0.00 0.00 0.00 0.00 0.00 0.00 0.00
8 2002 1519.34 0.00 0.00 0.00 19.77 0.00 0.00 1.45 0.00 0.00 0.00 0.00 0.00 0.00 0.00 0.00 0.00 0.00
9 2002 383.72 0.00 0.00 0.00 19.77 0.00 0.00 1.45 0.00 0.00 0.00 0.00 0.00 0.00 0.00 0.00 0.00 0.00
10 2002 724.41 0.00 0.00 0.00 19.77 0.00 0.00 1.45 0.00 0.00 0.00 0.00 0.00 0.00 0.00 0.00 0.00 0.00
11 2002 308.01 0.00 0.00 0.00 19.77 0.00 0.00 1.45 0.00 0.00 0.00 0.00 0.00 0.00 0.00 0.00 0.00 0.00
12 2002 345.87 0.00 0.00 0.00 19.77 0.00 0.00 1.45 0.00 0.00 0.00 0.00 0.00 0.00 0.00 0.00 0.00 0.00
1 2003 459.43 0.00 0.00 0.00 19.77 0.00 0.00 1.45 0.00 0.00 0.00 0.00 0.00 0.00 0.00 0.00 0.00 0.00
2 2003 497.28 0.00 0.00 0.00 19.77 0.00 0.00 1.45 0.00 0.00 0.00 0.00 0.00 0.00 0.00 0.00 0.00 0.00
3 2003 648.70 0.00 0.00 0.00 19.77 0.00 0.00 1.45 0.00 0.00 0.00 0.00 0.00 0.00 0.00 0.00 0.00 0.00
4 2003 3071.35 0.00 0.00 0.00 19.77 0.00 0.00 1.45 0.00 0.00 0.00 0.00 0.00 0.00 0.00 0.00 0.00 0.00
5 2003 8446.62 0.00 0.00 0.00 19.77 0.00 0.00 1.45 0.00 0.00 0.00 0.00 0.00 0.00 0.00 0.00 0.00 0.00
6 2003 1102.95 0.00 0.00 0.00 19.77 0.00 0.00 1.45 0.00 0.00 0.00 0.00 0.00 0.00 0.00 0.00 0.00 0.00
7 2003 1595.05 0.00 0.00 0.00 19.77 0.00 0.00 1.45 0.00 0.00 0.00 0.00 0.00 0.00 0.00 0.00 0.00 0.00
8 2003 459.43 0.00 0.00 0.00 19.77 0.00 0.00 1.45 0.00 0.00 0.00 0.00 0.00 0.00 0.00 0.00 0.00 0.00
9 2003 610.84 0.00 0.00 0.00 19.77 0.00 0.00 1.45 0.00 0.00 0.00 0.00 0.00 0.00 0.00 0.00 0.00 0.00
10 2003 421.57 0.00 0.00 0.00 19.77 0.00 0.00 1.45 0.00 0.00 0.00 0.00 0.00 0.00 0.00 0.00 0.00 0.00
11 2003 2579.25 0.00 0.00 0.00 19.77 0.00 0.00 1.45 0.00 0.00 0.00 0.00 0.00 0.00 0.00 0.00 0.00 0.00
12 2003 572.99 0.00 0.00 0.00 19.77 0.00 0.00 1.45 0.00 0.00 0.00 0.00 0.00 0.00 0.00 0.00 0.00 0.00
1 2004 497.28 0.00 0.00 0.00 19.77 0.00 0.00 1.45 0.00 0.00 0.00 0.00 0.00 0.00 0.00 0.00 0.00 0.00
2 2004 1140.80 0.00 0.00 0.00 19.77 0.00 0.00 1.45 0.00 0.00 0.00 0.00 0.00 0.00 0.00 0.00 0.00 0.00
3 2004 3677.02 0.00 0.00 0.00 19.77 0.00 0.00 1.45 0.00 0.00 0.00 0.00 0.00 0.00 0.00 0.00 0.00 0.00
4 2004 3412.04 0.00 0.00 0.00 19.77 0.00 0.00 1.45 0.00 0.00 0.00 0.00 0.00 0.00 0.00 0.00 0.00 0.00
5 2004 5948.26 0.00 0.00 0.00 19.77 0.00 0.00 1.45 0.00 0.00 0.00 0.00 0.00 0.00 0.00 0.00 0.00 0.00
6 2004 3260.62 0.00 0.00 0.00 19.77 0.00 0.00 1.45 0.00 0.00 0.00 0.00 0.00 0.00 0.00 0.00 0.00 0.00
7 2004 3449.89 0.00 0.00 0.00 19.77 0.00 0.00 1.45 0.00 0.00 0.00 0.00 0.00 0.00 0.00 0.00 0.00 0.00
8 2004 2654.96 0.00 0.00 0.00 19.77 0.00 0.00 1.45 0.00 0.00 0.00 0.00 0.00 0.00 0.00 0.00 0.00 0.00
9 2004 1254.36 0.00 0.00 0.00 19.77 0.00 0.00 1.45 0.00 0.00 0.00 0.00 0.00 0.00 0.00 0.00 0.00 0.00
10 2004 686.55 0.00 0.00 0.00 19.77 0.00 0.00 1.45 0.00 0.00 0.00 0.00 0.00 0.00 0.00 0.00 0.00 0.00
11 2004 1822.17 0.00 0.00 0.00 19.77 0.00 0.00 1.45 0.00 0.00 0.00 0.00 0.00 0.00 0.00 0.00 0.00 0.00
12 2004 535.14 0.00 0.00 0.00 19.77 0.00 0.00 1.45 0.00 0.00 0.00 0.00 0.00 0.00 0.00 0.00 0.00 0.00
1 2005 686.55 0.00 0.00 0.00 19.77 0.00 0.00 1.45 0.00 0.00 0.00 0.00 0.00 0.00 0.00 0.00 0.00 0.00
2 2005 2919.94 0.00 0.00 0.00 19.77 0.00 0.00 1.45 0.00 0.00 0.00 0.00 0.00 0.00 0.00 0.00 0.00 0.00
3 2005 762.26 0.00 0.00 0.00 19.77 0.00 0.00 1.45 0.00 0.00 0.00 0.00 0.00 0.00 0.00 0.00 0.00 0.00
4 2005 2314.27 0.00 0.00 0.00 19.77 0.00 0.00 1.45 0.00 0.00 0.00 0.00 0.00 0.00 0.00 0.00 0.00 0.00
5 2005 4471.95 0.00 0.00 0.00 19.77 0.00 0.00 1.45 0.00 0.00 0.00 0.00 0.00 0.00 0.00 0.00 0.00 0.00
6 2005 1784.32 0.00 0.00 0.00 19.77 0.00 0.00 1.45 0.00 0.00 0.00 0.00 0.00 0.00 0.00 0.00 0.00 0.00
7 2005 1670.76 0.00 0.00 0.00 19.77 0.00 0.00 1.45 0.00 0.00 0.00 0.00 0.00 0.00 0.00 0.00 0.00 0.00
8 2005 1860.03 0.00 0.00 0.00 19.77 0.00 0.00 1.45 0.00 0.00 0.00 0.00 0.00 0.00 0.00 0.00 0.00 0.00
9 2005 648.70 0.00 0.00 0.00 19.77 0.00 0.00 1.45 0.00 0.00 0.00 0.00 0.00 0.00 0.00 0.00 0.00 0.00
10 2005 383.72 0.00 0.00 0.00 19.77 0.00 0.00 1.45 0.00 0.00 0.00 0.00 0.00 0.00 0.00 0.00 0.00 0.00
11 2005 648.70 0.00 0.00 0.00 19.77 0.00 0.00 1.45 0.00 0.00 0.00 0.00 0.00 0.00 0.00 0.00 0.00 0.00
12 2005 572.99 0.00 0.00 0.00 19.77 0.00 0.00 1.45 0.00 0.00 0.00 0.00 0.00 0.00 0.00 0.00 0.00 0.00
1 2006 572.99 0.00 0.00 0.00 19.77 0.00 0.00 1.45 0.00 0.00 0.00 0.00 0.00 0.00 0.00 0.00 0.00 0.00
2 2006 572.99 0.00 0.00 0.00 19.77 0.00 0.00 1.45 0.00 0.00 0.00 0.00 0.00 0.00 0.00 0.00 0.00 0.00
3 2006 1595.05 0.00 0.00 0.00 19.77 0.00 0.00 1.45 0.00 0.00 0.00 0.00 0.00 0.00 0.00 0.00 0.00 0.00
4 2006 3942.00 0.00 0.00 0.00 19.77 0.00 0.00 1.45 0.00 0.00 0.00 0.00 0.00 0.00 0.00 0.00 0.00 0.00
5 2006 3184.92 0.00 0.00 0.00 19.77 0.00 0.00 1.45 0.00 0.00 0.00 0.00 0.00 0.00 0.00 0.00 0.00 0.00
6 2006 383.72 0.00 0.00 0.00 19.77 0.00 0.00 1.45 0.00 0.00 0.00 0.00 0.00 0.00 0.00 0.00 0.00 0.00
7 2006 1784.32 0.00 0.00 0.00 19.77 0.00 0.00 1.45 0.00 0.00 0.00 0.00 0.00 0.00 0.00 0.00 0.00 0.00
8 2006 1519.34 0.00 0.00 0.00 19.77 0.00 0.00 1.45 0.00 0.00 0.00 0.00 0.00 0.00 0.00 0.00 0.00 0.00
9 2006 3374.19 0.00 0.00 0.00 19.77 0.00 0.00 1.45 0.00 0.00 0.00 0.00 0.00 0.00 0.00 0.00 0.00 0.00
10 2006 5.18 0.00 0.00 0.00 0.24 0.00 0.00 0.00 0.00 0.00 0.00 0.00 0.00 0.00 0.00 0.00 0.00 0.00
11 2006 5.18 0.00 0.00 0.00 0.24 0.00 0.00 0.00 0.00 0.00 0.00 0.00 0.00 0.00 0.00 0.00 0.00 0.00
12 2006 5.18 0.00 0.00 0.00 0.24 0.00 0.00 0.00 0.00 0.00 0.00 0.00 0.00 0.00 0.00 0.00 0.00 0.00
