Written by i_SWAT





1 1983 2948.96 0.00 0.00 0.00 64.22 0.00 0.00 4.74 0.00 0.00 0.00 0.00 0.00 0.00 0.00 0.00 0.00 0.00
2 1983 4143.25 0.00 0.00 0.00 64.22 0.00 0.00 4.74 0.00 0.00 0.00 0.00 0.00 0.00 0.00 0.00 0.00 0.00
3 1983 4626.56 0.00 0.00 0.00 64.22 0.00 0.00 4.74 0.00 0.00 0.00 0.00 0.00 0.00 0.00 0.00 0.00 0.00
4 1983 6228.73 0.00 0.00 0.00 64.22 0.00 0.00 4.74 0.00 0.00 0.00 0.00 0.00 0.00 0.00 0.00 0.00 0.00
5 1983 7790.48 0.00 0.00 0.00 64.22 0.00 0.00 4.74 0.00 0.00 0.00 0.00 0.00 0.00 0.00 0.00 0.00 0.00
6 1983 7261.88 0.00 0.00 0.00 64.22 0.00 0.00 4.74 0.00 0.00 0.00 0.00 0.00 0.00 0.00 0.00 0.00 0.00
7 1983 5739.61 0.00 0.00 0.00 64.22 0.00 0.00 4.74 0.00 0.00 0.00 0.00 0.00 0.00 0.00 0.00 0.00 0.00
8 1983 4333.87 0.00 0.00 0.00 64.22 0.00 0.00 4.74 0.00 0.00 0.00 0.00 0.00 0.00 0.00 0.00 0.00 0.00
9 1983 3678.46 0.00 0.00 0.00 64.22 0.00 0.00 4.74 0.00 0.00 0.00 0.00 0.00 0.00 0.00 0.00 0.00 0.00
10 1983 3499.73 0.00 0.00 0.00 64.22 0.00 0.00 4.74 0.00 0.00 0.00 0.00 0.00 0.00 0.00 0.00 0.00 0.00
11 1983 4040.77 0.00 0.00 0.00 64.22 0.00 0.00 4.74 0.00 0.00 0.00 0.00 0.00 0.00 0.00 0.00 0.00 0.00
12 1983 3415.91 0.00 0.00 0.00 64.22 0.00 0.00 4.74 0.00 0.00 0.00 0.00 0.00 0.00 0.00 0.00 0.00 0.00
1 1984 2948.96 0.00 0.00 0.00 64.22 0.00 0.00 4.74 0.00 0.00 0.00 0.00 0.00 0.00 0.00 0.00 0.00 0.00
2 1984 4143.25 0.00 0.00 0.00 64.22 0.00 0.00 4.74 0.00 0.00 0.00 0.00 0.00 0.00 0.00 0.00 0.00 0.00
3 1984 4626.56 0.00 0.00 0.00 64.22 0.00 0.00 4.74 0.00 0.00 0.00 0.00 0.00 0.00 0.00 0.00 0.00 0.00
4 1984 6228.73 0.00 0.00 0.00 64.22 0.00 0.00 4.74 0.00 0.00 0.00 0.00 0.00 0.00 0.00 0.00 0.00 0.00
5 1984 7790.48 0.00 0.00 0.00 64.22 0.00 0.00 4.74 0.00 0.00 0.00 0.00 0.00 0.00 0.00 0.00 0.00 0.00
6 1984 7261.88 0.00 0.00 0.00 64.22 0.00 0.00 4.74 0.00 0.00 0.00 0.00 0.00 0.00 0.00 0.00 0.00 0.00
7 1984 5739.61 0.00 0.00 0.00 64.22 0.00 0.00 4.74 0.00 0.00 0.00 0.00 0.00 0.00 0.00 0.00 0.00 0.00
8 1984 4333.87 0.00 0.00 0.00 64.22 0.00 0.00 4.74 0.00 0.00 0.00 0.00 0.00 0.00 0.00 0.00 0.00 0.00
9 1984 3678.46 0.00 0.00 0.00 64.22 0.00 0.00 4.74 0.00 0.00 0.00 0.00 0.00 0.00 0.00 0.00 0.00 0.00
10 1984 3499.73 0.00 0.00 0.00 64.22 0.00 0.00 4.74 0.00 0.00 0.00 0.00 0.00 0.00 0.00 0.00 0.00 0.00
11 1984 4040.77 0.00 0.00 0.00 64.22 0.00 0.00 4.74 0.00 0.00 0.00 0.00 0.00 0.00 0.00 0.00 0.00 0.00
12 1984 3415.91 0.00 0.00 0.00 64.22 0.00 0.00 4.74 0.00 0.00 0.00 0.00 0.00 0.00 0.00 0.00 0.00 0.00
1 1985 2948.96 0.00 0.00 0.00 64.22 0.00 0.00 4.74 0.00 0.00 0.00 0.00 0.00 0.00 0.00 0.00 0.00 0.00
2 1985 4143.25 0.00 0.00 0.00 64.22 0.00 0.00 4.74 0.00 0.00 0.00 0.00 0.00 0.00 0.00 0.00 0.00 0.00
3 1985 4626.56 0.00 0.00 0.00 64.22 0.00 0.00 4.74 0.00 0.00 0.00 0.00 0.00 0.00 0.00 0.00 0.00 0.00
4 1985 6228.73 0.00 0.00 0.00 64.22 0.00 0.00 4.74 0.00 0.00 0.00 0.00 0.00 0.00 0.00 0.00 0.00 0.00
5 1985 7790.48 0.00 0.00 0.00 64.22 0.00 0.00 4.74 0.00 0.00 0.00 0.00 0.00 0.00 0.00 0.00 0.00 0.00
6 1985 7261.88 0.00 0.00 0.00 64.22 0.00 0.00 4.74 0.00 0.00 0.00 0.00 0.00 0.00 0.00 0.00 0.00 0.00
7 1985 5739.61 0.00 0.00 0.00 64.22 0.00 0.00 4.74 0.00 0.00 0.00 0.00 0.00 0.00 0.00 0.00 0.00 0.00
8 1985 4333.87 0.00 0.00 0.00 64.22 0.00 0.00 4.74 0.00 0.00 0.00 0.00 0.00 0.00 0.00 0.00 0.00 0.00
9 1985 3678.46 0.00 0.00 0.00 64.22 0.00 0.00 4.74 0.00 0.00 0.00 0.00 0.00 0.00 0.00 0.00 0.00 0.00
10 1985 3499.73 0.00 0.00 0.00 64.22 0.00 0.00 4.74 0.00 0.00 0.00 0.00 0.00 0.00 0.00 0.00 0.00 0.00
11 1985 4040.77 0.00 0.00 0.00 64.22 0.00 0.00 4.74 0.00 0.00 0.00 0.00 0.00 0.00 0.00 0.00 0.00 0.00
12 1985 3415.91 0.00 0.00 0.00 64.22 0.00 0.00 4.74 0.00 0.00 0.00 0.00 0.00 0.00 0.00 0.00 0.00 0.00
1 1986 2948.96 0.00 0.00 0.00 64.22 0.00 0.00 4.74 0.00 0.00 0.00 0.00 0.00 0.00 0.00 0.00 0.00 0.00
2 1986 4143.25 0.00 0.00 0.00 64.22 0.00 0.00 4.74 0.00 0.00 0.00 0.00 0.00 0.00 0.00 0.00 0.00 0.00
3 1986 4626.56 0.00 0.00 0.00 64.22 0.00 0.00 4.74 0.00 0.00 0.00 0.00 0.00 0.00 0.00 0.00 0.00 0.00
4 1986 6228.73 0.00 0.00 0.00 64.22 0.00 0.00 4.74 0.00 0.00 0.00 0.00 0.00 0.00 0.00 0.00 0.00 0.00
5 1986 7790.48 0.00 0.00 0.00 64.22 0.00 0.00 4.74 0.00 0.00 0.00 0.00 0.00 0.00 0.00 0.00 0.00 0.00
6 1986 7261.88 0.00 0.00 0.00 64.22 0.00 0.00 4.74 0.00 0.00 0.00 0.00 0.00 0.00 0.00 0.00 0.00 0.00
7 1986 5739.61 0.00 0.00 0.00 64.22 0.00 0.00 4.74 0.00 0.00 0.00 0.00 0.00 0.00 0.00 0.00 0.00 0.00
8 1986 4333.87 0.00 0.00 0.00 64.22 0.00 0.00 4.74 0.00 0.00 0.00 0.00 0.00 0.00 0.00 0.00 0.00 0.00
9 1986 3678.46 0.00 0.00 0.00 64.22 0.00 0.00 4.74 0.00 0.00 0.00 0.00 0.00 0.00 0.00 0.00 0.00 0.00
10 1986 3499.73 0.00 0.00 0.00 64.22 0.00 0.00 4.74 0.00 0.00 0.00 0.00 0.00 0.00 0.00 0.00 0.00 0.00
11 1986 4040.77 0.00 0.00 0.00 64.22 0.00 0.00 4.74 0.00 0.00 0.00 0.00 0.00 0.00 0.00 0.00 0.00 0.00
12 1986 3415.91 0.00 0.00 0.00 64.22 0.00 0.00 4.74 0.00 0.00 0.00 0.00 0.00 0.00 0.00 0.00 0.00 0.00
1 1987 2948.96 0.00 0.00 0.00 64.22 0.00 0.00 4.74 0.00 0.00 0.00 0.00 0.00 0.00 0.00 0.00 0.00 0.00
2 1987 4143.25 0.00 0.00 0.00 64.22 0.00 0.00 4.74 0.00 0.00 0.00 0.00 0.00 0.00 0.00 0.00 0.00 0.00
3 1987 4626.56 0.00 0.00 0.00 64.22 0.00 0.00 4.74 0.00 0.00 0.00 0.00 0.00 0.00 0.00 0.00 0.00 0.00
4 1987 6228.73 0.00 0.00 0.00 64.22 0.00 0.00 4.74 0.00 0.00 0.00 0.00 0.00 0.00 0.00 0.00 0.00 0.00
5 1987 7790.48 0.00 0.00 0.00 64.22 0.00 0.00 4.74 0.00 0.00 0.00 0.00 0.00 0.00 0.00 0.00 0.00 0.00
6 1987 7261.88 0.00 0.00 0.00 64.22 0.00 0.00 4.74 0.00 0.00 0.00 0.00 0.00 0.00 0.00 0.00 0.00 0.00
7 1987 5739.61 0.00 0.00 0.00 64.22 0.00 0.00 4.74 0.00 0.00 0.00 0.00 0.00 0.00 0.00 0.00 0.00 0.00
8 1987 4333.87 0.00 0.00 0.00 64.22 0.00 0.00 4.74 0.00 0.00 0.00 0.00 0.00 0.00 0.00 0.00 0.00 0.00
9 1987 3678.46 0.00 0.00 0.00 64.22 0.00 0.00 4.74 0.00 0.00 0.00 0.00 0.00 0.00 0.00 0.00 0.00 0.00
10 1987 3499.73 0.00 0.00 0.00 64.22 0.00 0.00 4.74 0.00 0.00 0.00 0.00 0.00 0.00 0.00 0.00 0.00 0.00
11 1987 4040.77 0.00 0.00 0.00 64.22 0.00 0.00 4.74 0.00 0.00 0.00 0.00 0.00 0.00 0.00 0.00 0.00 0.00
12 1987 3415.91 0.00 0.00 0.00 64.22 0.00 0.00 4.74 0.00 0.00 0.00 0.00 0.00 0.00 0.00 0.00 0.00 0.00
1 1988 2948.96 0.00 0.00 0.00 64.22 0.00 0.00 4.74 0.00 0.00 0.00 0.00 0.00 0.00 0.00 0.00 0.00 0.00
2 1988 4143.25 0.00 0.00 0.00 64.22 0.00 0.00 4.74 0.00 0.00 0.00 0.00 0.00 0.00 0.00 0.00 0.00 0.00
3 1988 4626.56 0.00 0.00 0.00 64.22 0.00 0.00 4.74 0.00 0.00 0.00 0.00 0.00 0.00 0.00 0.00 0.00 0.00
4 1988 6228.73 0.00 0.00 0.00 64.22 0.00 0.00 4.74 0.00 0.00 0.00 0.00 0.00 0.00 0.00 0.00 0.00 0.00
5 1988 7790.48 0.00 0.00 0.00 64.22 0.00 0.00 4.74 0.00 0.00 0.00 0.00 0.00 0.00 0.00 0.00 0.00 0.00
6 1988 7261.88 0.00 0.00 0.00 64.22 0.00 0.00 4.74 0.00 0.00 0.00 0.00 0.00 0.00 0.00 0.00 0.00 0.00
7 1988 5739.61 0.00 0.00 0.00 64.22 0.00 0.00 4.74 0.00 0.00 0.00 0.00 0.00 0.00 0.00 0.00 0.00 0.00
8 1988 4333.87 0.00 0.00 0.00 64.22 0.00 0.00 4.74 0.00 0.00 0.00 0.00 0.00 0.00 0.00 0.00 0.00 0.00
9 1988 3678.46 0.00 0.00 0.00 64.22 0.00 0.00 4.74 0.00 0.00 0.00 0.00 0.00 0.00 0.00 0.00 0.00 0.00
10 1988 3499.73 0.00 0.00 0.00 64.22 0.00 0.00 4.74 0.00 0.00 0.00 0.00 0.00 0.00 0.00 0.00 0.00 0.00
11 1988 4040.77 0.00 0.00 0.00 64.22 0.00 0.00 4.74 0.00 0.00 0.00 0.00 0.00 0.00 0.00 0.00 0.00 0.00
12 1988 3415.91 0.00 0.00 0.00 64.22 0.00 0.00 4.74 0.00 0.00 0.00 0.00 0.00 0.00 0.00 0.00 0.00 0.00
1 1989 2948.96 0.00 0.00 0.00 64.22 0.00 0.00 4.74 0.00 0.00 0.00 0.00 0.00 0.00 0.00 0.00 0.00 0.00
2 1989 4143.25 0.00 0.00 0.00 64.22 0.00 0.00 4.74 0.00 0.00 0.00 0.00 0.00 0.00 0.00 0.00 0.00 0.00
3 1989 4626.56 0.00 0.00 0.00 64.22 0.00 0.00 4.74 0.00 0.00 0.00 0.00 0.00 0.00 0.00 0.00 0.00 0.00
4 1989 6228.73 0.00 0.00 0.00 64.22 0.00 0.00 4.74 0.00 0.00 0.00 0.00 0.00 0.00 0.00 0.00 0.00 0.00
5 1989 7790.48 0.00 0.00 0.00 64.22 0.00 0.00 4.74 0.00 0.00 0.00 0.00 0.00 0.00 0.00 0.00 0.00 0.00
6 1989 7261.88 0.00 0.00 0.00 64.22 0.00 0.00 4.74 0.00 0.00 0.00 0.00 0.00 0.00 0.00 0.00 0.00 0.00
7 1989 5739.61 0.00 0.00 0.00 64.22 0.00 0.00 4.74 0.00 0.00 0.00 0.00 0.00 0.00 0.00 0.00 0.00 0.00
8 1989 4333.87 0.00 0.00 0.00 64.22 0.00 0.00 4.74 0.00 0.00 0.00 0.00 0.00 0.00 0.00 0.00 0.00 0.00
9 1989 3678.46 0.00 0.00 0.00 64.22 0.00 0.00 4.74 0.00 0.00 0.00 0.00 0.00 0.00 0.00 0.00 0.00 0.00
10 1989 3499.73 0.00 0.00 0.00 64.22 0.00 0.00 4.74 0.00 0.00 0.00 0.00 0.00 0.00 0.00 0.00 0.00 0.00
11 1989 4040.77 0.00 0.00 0.00 64.22 0.00 0.00 4.74 0.00 0.00 0.00 0.00 0.00 0.00 0.00 0.00 0.00 0.00
12 1989 3415.91 0.00 0.00 0.00 64.22 0.00 0.00 4.74 0.00 0.00 0.00 0.00 0.00 0.00 0.00 0.00 0.00 0.00
1 1990 2948.96 0.00 0.00 0.00 64.22 0.00 0.00 4.74 0.00 0.00 0.00 0.00 0.00 0.00 0.00 0.00 0.00 0.00
2 1990 4143.25 0.00 0.00 0.00 64.22 0.00 0.00 4.74 0.00 0.00 0.00 0.00 0.00 0.00 0.00 0.00 0.00 0.00
3 1990 4626.56 0.00 0.00 0.00 64.22 0.00 0.00 4.74 0.00 0.00 0.00 0.00 0.00 0.00 0.00 0.00 0.00 0.00
4 1990 6228.73 0.00 0.00 0.00 64.22 0.00 0.00 4.74 0.00 0.00 0.00 0.00 0.00 0.00 0.00 0.00 0.00 0.00
5 1990 7790.48 0.00 0.00 0.00 64.22 0.00 0.00 4.74 0.00 0.00 0.00 0.00 0.00 0.00 0.00 0.00 0.00 0.00
6 1990 7261.88 0.00 0.00 0.00 64.22 0.00 0.00 4.74 0.00 0.00 0.00 0.00 0.00 0.00 0.00 0.00 0.00 0.00
7 1990 5739.61 0.00 0.00 0.00 64.22 0.00 0.00 4.74 0.00 0.00 0.00 0.00 0.00 0.00 0.00 0.00 0.00 0.00
8 1990 4333.87 0.00 0.00 0.00 64.22 0.00 0.00 4.74 0.00 0.00 0.00 0.00 0.00 0.00 0.00 0.00 0.00 0.00
9 1990 3678.46 0.00 0.00 0.00 64.22 0.00 0.00 4.74 0.00 0.00 0.00 0.00 0.00 0.00 0.00 0.00 0.00 0.00
10 1990 3499.73 0.00 0.00 0.00 64.22 0.00 0.00 4.74 0.00 0.00 0.00 0.00 0.00 0.00 0.00 0.00 0.00 0.00
11 1990 4040.77 0.00 0.00 0.00 64.22 0.00 0.00 4.74 0.00 0.00 0.00 0.00 0.00 0.00 0.00 0.00 0.00 0.00
12 1990 3415.91 0.00 0.00 0.00 64.22 0.00 0.00 4.74 0.00 0.00 0.00 0.00 0.00 0.00 0.00 0.00 0.00 0.00
1 1991 2948.96 0.00 0.00 0.00 64.22 0.00 0.00 4.74 0.00 0.00 0.00 0.00 0.00 0.00 0.00 0.00 0.00 0.00
2 1991 4143.25 0.00 0.00 0.00 64.22 0.00 0.00 4.74 0.00 0.00 0.00 0.00 0.00 0.00 0.00 0.00 0.00 0.00
3 1991 4626.56 0.00 0.00 0.00 64.22 0.00 0.00 4.74 0.00 0.00 0.00 0.00 0.00 0.00 0.00 0.00 0.00 0.00
4 1991 6228.73 0.00 0.00 0.00 64.22 0.00 0.00 4.74 0.00 0.00 0.00 0.00 0.00 0.00 0.00 0.00 0.00 0.00
5 1991 7790.48 0.00 0.00 0.00 64.22 0.00 0.00 4.74 0.00 0.00 0.00 0.00 0.00 0.00 0.00 0.00 0.00 0.00
6 1991 7261.88 0.00 0.00 0.00 64.22 0.00 0.00 4.74 0.00 0.00 0.00 0.00 0.00 0.00 0.00 0.00 0.00 0.00
7 1991 5739.61 0.00 0.00 0.00 64.22 0.00 0.00 4.74 0.00 0.00 0.00 0.00 0.00 0.00 0.00 0.00 0.00 0.00
8 1991 4333.87 0.00 0.00 0.00 64.22 0.00 0.00 4.74 0.00 0.00 0.00 0.00 0.00 0.00 0.00 0.00 0.00 0.00
9 1991 3678.46 0.00 0.00 0.00 64.22 0.00 0.00 4.74 0.00 0.00 0.00 0.00 0.00 0.00 0.00 0.00 0.00 0.00
10 1991 3499.73 0.00 0.00 0.00 64.22 0.00 0.00 4.74 0.00 0.00 0.00 0.00 0.00 0.00 0.00 0.00 0.00 0.00
11 1991 5425.15 0.00 0.00 0.00 64.22 0.00 0.00 4.74 0.00 0.00 0.00 0.00 0.00 0.00 0.00 0.00 0.00 0.00
12 1991 2928.14 0.00 0.00 0.00 64.22 0.00 0.00 4.74 0.00 0.00 0.00 0.00 0.00 0.00 0.00 0.00 0.00 0.00
1 1992 3902.88 0.00 0.00 0.00 64.22 0.00 0.00 4.74 0.00 0.00 0.00 0.00 0.00 0.00 0.00 0.00 0.00 0.00
2 1992 5185.86 0.00 0.00 0.00 64.22 0.00 0.00 4.74 0.00 0.00 0.00 0.00 0.00 0.00 0.00 0.00 0.00 0.00
3 1992 512.78 0.00 0.00 0.00 64.22 0.00 0.00 4.74 0.00 0.00 0.00 0.00 0.00 0.00 0.00 0.00 0.00 0.00
4 1992 1143.05 0.00 0.00 0.00 64.22 0.00 0.00 4.74 0.00 0.00 0.00 0.00 0.00 0.00 0.00 0.00 0.00 0.00
5 1992 5405.41 0.00 0.00 0.00 64.22 0.00 0.00 4.74 0.00 0.00 0.00 0.00 0.00 0.00 0.00 0.00 0.00 0.00
6 1992 2922.19 0.00 0.00 0.00 64.22 0.00 0.00 4.74 0.00 0.00 0.00 0.00 0.00 0.00 0.00 0.00 0.00 0.00
7 1992 7990.84 0.00 0.00 0.00 64.22 0.00 0.00 4.74 0.00 0.00 0.00 0.00 0.00 0.00 0.00 0.00 0.00 0.00
8 1992 4508.27 0.00 0.00 0.00 64.22 0.00 0.00 4.74 0.00 0.00 0.00 0.00 0.00 0.00 0.00 0.00 0.00 0.00
9 1992 4886.81 0.00 0.00 0.00 64.22 0.00 0.00 4.74 0.00 0.00 0.00 0.00 0.00 0.00 0.00 0.00 0.00 0.00
10 1992 3016.82 0.00 0.00 0.00 64.22 0.00 0.00 4.74 0.00 0.00 0.00 0.00 0.00 0.00 0.00 0.00 0.00 0.00
11 1992 5458.40 0.00 0.00 0.00 64.22 0.00 0.00 4.74 0.00 0.00 0.00 0.00 0.00 0.00 0.00 0.00 0.00 0.00
12 1992 6393.40 0.00 0.00 0.00 64.22 0.00 0.00 4.74 0.00 0.00 0.00 0.00 0.00 0.00 0.00 0.00 0.00 0.00
1 1993 4035.09 0.00 0.00 0.00 64.22 0.00 0.00 4.74 0.00 0.00 0.00 0.00 0.00 0.00 0.00 0.00 0.00 0.00
2 1993 3145.52 0.00 0.00 0.00 64.22 0.00 0.00 4.74 0.00 0.00 0.00 0.00 0.00 0.00 0.00 0.00 0.00 0.00
3 1993 7131.55 0.00 0.00 0.00 64.22 0.00 0.00 4.74 0.00 0.00 0.00 0.00 0.00 0.00 0.00 0.00 0.00 0.00
4 1993 9671.55 0.00 0.00 0.00 64.22 0.00 0.00 4.74 0.00 0.00 0.00 0.00 0.00 0.00 0.00 0.00 0.00 0.00
5 1993 9898.68 0.00 0.00 0.00 64.22 0.00 0.00 4.74 0.00 0.00 0.00 0.00 0.00 0.00 0.00 0.00 0.00 0.00
6 1993 13975.55 0.00 0.00 0.00 64.22 0.00 0.00 4.74 0.00 0.00 0.00 0.00 0.00 0.00 0.00 0.00 0.00 0.00
7 1993 9891.11 0.00 0.00 0.00 64.22 0.00 0.00 4.74 0.00 0.00 0.00 0.00 0.00 0.00 0.00 0.00 0.00 0.00
8 1993 11189.50 0.00 0.00 0.00 64.22 0.00 0.00 4.74 0.00 0.00 0.00 0.00 0.00 0.00 0.00 0.00 0.00 0.00
9 1993 7968.12 0.00 0.00 0.00 64.22 0.00 0.00 4.74 0.00 0.00 0.00 0.00 0.00 0.00 0.00 0.00 0.00 0.00
10 1993 3493.78 0.00 0.00 0.00 64.22 0.00 0.00 4.74 0.00 0.00 0.00 0.00 0.00 0.00 0.00 0.00 0.00 0.00
11 1993 5458.40 0.00 0.00 0.00 64.22 0.00 0.00 4.74 0.00 0.00 0.00 0.00 0.00 0.00 0.00 0.00 0.00 0.00
12 1993 3213.66 0.00 0.00 0.00 64.22 0.00 0.00 4.74 0.00 0.00 0.00 0.00 0.00 0.00 0.00 0.00 0.00 0.00
1 1994 3107.67 0.00 0.00 0.00 64.22 0.00 0.00 4.74 0.00 0.00 0.00 0.00 0.00 0.00 0.00 0.00 0.00 0.00
2 1994 4875.45 0.00 0.00 0.00 64.22 0.00 0.00 4.74 0.00 0.00 0.00 0.00 0.00 0.00 0.00 0.00 0.00 0.00
3 1994 4409.85 0.00 0.00 0.00 64.22 0.00 0.00 4.74 0.00 0.00 0.00 0.00 0.00 0.00 0.00 0.00 0.00 0.00
4 1994 3527.85 0.00 0.00 0.00 64.22 0.00 0.00 4.74 0.00 0.00 0.00 0.00 0.00 0.00 0.00 0.00 0.00 0.00
5 1994 3648.98 0.00 0.00 0.00 64.22 0.00 0.00 4.74 0.00 0.00 0.00 0.00 0.00 0.00 0.00 0.00 0.00 0.00
6 1994 3717.12 0.00 0.00 0.00 64.22 0.00 0.00 4.74 0.00 0.00 0.00 0.00 0.00 0.00 0.00 0.00 0.00 0.00
7 1994 2604.21 0.00 0.00 0.00 64.22 0.00 0.00 4.74 0.00 0.00 0.00 0.00 0.00 0.00 0.00 0.00 0.00 0.00
8 1994 3031.96 0.00 0.00 0.00 64.22 0.00 0.00 4.74 0.00 0.00 0.00 0.00 0.00 0.00 0.00 0.00 0.00 0.00
9 1994 2846.48 0.00 0.00 0.00 64.22 0.00 0.00 4.74 0.00 0.00 0.00 0.00 0.00 0.00 0.00 0.00 0.00 0.00
10 1994 3016.82 0.00 0.00 0.00 64.22 0.00 0.00 4.74 0.00 0.00 0.00 0.00 0.00 0.00 0.00 0.00 0.00 0.00
11 1994 2600.43 0.00 0.00 0.00 64.22 0.00 0.00 4.74 0.00 0.00 0.00 0.00 0.00 0.00 0.00 0.00 0.00 0.00
12 1994 2271.10 0.00 0.00 0.00 64.22 0.00 0.00 4.74 0.00 0.00 0.00 0.00 0.00 0.00 0.00 0.00 0.00 0.00
1 1995 2638.28 0.00 0.00 0.00 64.22 0.00 0.00 4.74 0.00 0.00 0.00 0.00 0.00 0.00 0.00 0.00 0.00 0.00
2 1995 2452.80 0.00 0.00 0.00 64.22 0.00 0.00 4.74 0.00 0.00 0.00 0.00 0.00 0.00 0.00 0.00 0.00 0.00
3 1995 5132.86 0.00 0.00 0.00 64.22 0.00 0.00 4.74 0.00 0.00 0.00 0.00 0.00 0.00 0.00 0.00 0.00 0.00
4 1995 8437.51 0.00 0.00 0.00 64.22 0.00 0.00 4.74 0.00 0.00 0.00 0.00 0.00 0.00 0.00 0.00 0.00 0.00
5 1995 9679.13 0.00 0.00 0.00 64.22 0.00 0.00 4.74 0.00 0.00 0.00 0.00 0.00 0.00 0.00 0.00 0.00 0.00
6 1995 5765.02 0.00 0.00 0.00 64.22 0.00 0.00 4.74 0.00 0.00 0.00 0.00 0.00 0.00 0.00 0.00 0.00 0.00
7 1995 3194.74 0.00 0.00 0.00 64.22 0.00 0.00 4.74 0.00 0.00 0.00 0.00 0.00 0.00 0.00 0.00 0.00 0.00
8 1995 3444.57 0.00 0.00 0.00 64.22 0.00 0.00 4.74 0.00 0.00 0.00 0.00 0.00 0.00 0.00 0.00 0.00 0.00
9 1995 3262.87 0.00 0.00 0.00 64.22 0.00 0.00 4.74 0.00 0.00 0.00 0.00 0.00 0.00 0.00 0.00 0.00 0.00
10 1995 3130.38 0.00 0.00 0.00 64.22 0.00 0.00 4.74 0.00 0.00 0.00 0.00 0.00 0.00 0.00 0.00 0.00 0.00
11 1995 2804.84 0.00 0.00 0.00 64.22 0.00 0.00 4.74 0.00 0.00 0.00 0.00 0.00 0.00 0.00 0.00 0.00 0.00
12 1995 3236.37 0.00 0.00 0.00 64.22 0.00 0.00 4.74 0.00 0.00 0.00 0.00 0.00 0.00 0.00 0.00 0.00 0.00
1 1996 2736.70 0.00 0.00 0.00 64.22 0.00 0.00 4.74 0.00 0.00 0.00 0.00 0.00 0.00 0.00 0.00 0.00 0.00
2 1996 3701.98 0.00 0.00 0.00 64.22 0.00 0.00 4.74 0.00 0.00 0.00 0.00 0.00 0.00 0.00 0.00 0.00 0.00
3 1996 3641.41 0.00 0.00 0.00 64.22 0.00 0.00 4.74 0.00 0.00 0.00 0.00 0.00 0.00 0.00 0.00 0.00 0.00
4 1996 4019.95 0.00 0.00 0.00 64.22 0.00 0.00 4.74 0.00 0.00 0.00 0.00 0.00 0.00 0.00 0.00 0.00 0.00
5 1996 7911.34 0.00 0.00 0.00 64.22 0.00 0.00 4.74 0.00 0.00 0.00 0.00 0.00 0.00 0.00 0.00 0.00 0.00
6 1996 8619.21 0.00 0.00 0.00 64.22 0.00 0.00 4.74 0.00 0.00 0.00 0.00 0.00 0.00 0.00 0.00 0.00 0.00
7 1996 7282.97 0.00 0.00 0.00 64.22 0.00 0.00 4.74 0.00 0.00 0.00 0.00 0.00 0.00 0.00 0.00 0.00 0.00
8 1996 6862.79 0.00 0.00 0.00 64.22 0.00 0.00 4.74 0.00 0.00 0.00 0.00 0.00 0.00 0.00 0.00 0.00 0.00
9 1996 4523.41 0.00 0.00 0.00 64.22 0.00 0.00 4.74 0.00 0.00 0.00 0.00 0.00 0.00 0.00 0.00 0.00 0.00
10 1996 6291.19 0.00 0.00 0.00 64.22 0.00 0.00 4.74 0.00 0.00 0.00 0.00 0.00 0.00 0.00 0.00 0.00 0.00
11 1996 8558.65 0.00 0.00 0.00 64.22 0.00 0.00 4.74 0.00 0.00 0.00 0.00 0.00 0.00 0.00 0.00 0.00 0.00
12 1996 7476.02 0.00 0.00 0.00 64.22 0.00 0.00 4.74 0.00 0.00 0.00 0.00 0.00 0.00 0.00 0.00 0.00 0.00
1 1997 5197.21 0.00 0.00 0.00 64.22 0.00 0.00 4.74 0.00 0.00 0.00 0.00 0.00 0.00 0.00 0.00 0.00 0.00
2 1997 7131.55 0.00 0.00 0.00 64.22 0.00 0.00 4.74 0.00 0.00 0.00 0.00 0.00 0.00 0.00 0.00 0.00 0.00
3 1997 6423.68 0.00 0.00 0.00 64.22 0.00 0.00 4.74 0.00 0.00 0.00 0.00 0.00 0.00 0.00 0.00 0.00 0.00
4 1997 6753.01 0.00 0.00 0.00 64.22 0.00 0.00 4.74 0.00 0.00 0.00 0.00 0.00 0.00 0.00 0.00 0.00 0.00
5 1997 10281.00 0.00 0.00 0.00 64.22 0.00 0.00 4.74 0.00 0.00 0.00 0.00 0.00 0.00 0.00 0.00 0.00 0.00
6 1997 17942.65 0.00 0.00 0.00 64.22 0.00 0.00 4.74 0.00 0.00 0.00 0.00 0.00 0.00 0.00 0.00 0.00 0.00
7 1997 4277.36 0.00 0.00 0.00 64.22 0.00 0.00 4.74 0.00 0.00 0.00 0.00 0.00 0.00 0.00 0.00 0.00 0.00
8 1997 3497.57 0.00 0.00 0.00 64.22 0.00 0.00 4.74 0.00 0.00 0.00 0.00 0.00 0.00 0.00 0.00 0.00 0.00
9 1997 4224.36 0.00 0.00 0.00 64.22 0.00 0.00 4.74 0.00 0.00 0.00 0.00 0.00 0.00 0.00 0.00 0.00 0.00
10 1997 5144.22 0.00 0.00 0.00 64.22 0.00 0.00 4.74 0.00 0.00 0.00 0.00 0.00 0.00 0.00 0.00 0.00 0.00
11 1997 4334.14 0.00 0.00 0.00 64.22 0.00 0.00 4.74 0.00 0.00 0.00 0.00 0.00 0.00 0.00 0.00 0.00 0.00
12 1997 4076.73 0.00 0.00 0.00 64.22 0.00 0.00 4.74 0.00 0.00 0.00 0.00 0.00 0.00 0.00 0.00 0.00 0.00
1 1998 3683.05 0.00 0.00 0.00 64.22 0.00 0.00 4.74 0.00 0.00 0.00 0.00 0.00 0.00 0.00 0.00 0.00 0.00
2 1998 6241.98 0.00 0.00 0.00 64.22 0.00 0.00 4.74 0.00 0.00 0.00 0.00 0.00 0.00 0.00 0.00 0.00 0.00
3 1998 8263.39 0.00 0.00 0.00 64.22 0.00 0.00 4.74 0.00 0.00 0.00 0.00 0.00 0.00 0.00 0.00 0.00 0.00
4 1998 11662.67 0.00 0.00 0.00 64.22 0.00 0.00 4.74 0.00 0.00 0.00 0.00 0.00 0.00 0.00 0.00 0.00 0.00
5 1998 6794.65 0.00 0.00 0.00 64.22 0.00 0.00 4.74 0.00 0.00 0.00 0.00 0.00 0.00 0.00 0.00 0.00 0.00
6 1998 10871.53 0.00 0.00 0.00 64.22 0.00 0.00 4.74 0.00 0.00 0.00 0.00 0.00 0.00 0.00 0.00 0.00 0.00
7 1998 10019.81 0.00 0.00 0.00 64.22 0.00 0.00 4.74 0.00 0.00 0.00 0.00 0.00 0.00 0.00 0.00 0.00 0.00
8 1998 4818.67 0.00 0.00 0.00 64.22 0.00 0.00 4.74 0.00 0.00 0.00 0.00 0.00 0.00 0.00 0.00 0.00 0.00
9 1998 3637.63 0.00 0.00 0.00 64.22 0.00 0.00 4.74 0.00 0.00 0.00 0.00 0.00 0.00 0.00 0.00 0.00 0.00
10 1998 3997.24 0.00 0.00 0.00 64.22 0.00 0.00 4.74 0.00 0.00 0.00 0.00 0.00 0.00 0.00 0.00 0.00 0.00
11 1998 3463.50 0.00 0.00 0.00 64.22 0.00 0.00 4.74 0.00 0.00 0.00 0.00 0.00 0.00 0.00 0.00 0.00 0.00
12 1998 3300.73 0.00 0.00 0.00 64.22 0.00 0.00 4.74 0.00 0.00 0.00 0.00 0.00 0.00 0.00 0.00 0.00 0.00
1 1999 3039.53 0.00 0.00 0.00 64.22 0.00 0.00 4.74 0.00 0.00 0.00 0.00 0.00 0.00 0.00 0.00 0.00 0.00
2 1999 3418.07 0.00 0.00 0.00 64.22 0.00 0.00 4.74 0.00 0.00 0.00 0.00 0.00 0.00 0.00 0.00 0.00 0.00
3 1999 4894.38 0.00 0.00 0.00 64.22 0.00 0.00 4.74 0.00 0.00 0.00 0.00 0.00 0.00 0.00 0.00 0.00 0.00
4 1999 10621.69 0.00 0.00 0.00 64.22 0.00 0.00 4.74 0.00 0.00 0.00 0.00 0.00 0.00 0.00 0.00 0.00 0.00
5 1999 9448.22 0.00 0.00 0.00 64.22 0.00 0.00 4.74 0.00 0.00 0.00 0.00 0.00 0.00 0.00 0.00 0.00 0.00
6 1999 7430.60 0.00 0.00 0.00 64.22 0.00 0.00 4.74 0.00 0.00 0.00 0.00 0.00 0.00 0.00 0.00 0.00 0.00
7 1999 6620.52 0.00 0.00 0.00 64.22 0.00 0.00 4.74 0.00 0.00 0.00 0.00 0.00 0.00 0.00 0.00 0.00 0.00
8 1999 4292.50 0.00 0.00 0.00 64.22 0.00 0.00 4.74 0.00 0.00 0.00 0.00 0.00 0.00 0.00 0.00 0.00 0.00
9 1999 3315.87 0.00 0.00 0.00 64.22 0.00 0.00 4.74 0.00 0.00 0.00 0.00 0.00 0.00 0.00 0.00 0.00 0.00
10 1999 3270.44 0.00 0.00 0.00 64.22 0.00 0.00 4.74 0.00 0.00 0.00 0.00 0.00 0.00 0.00 0.00 0.00 0.00
11 1999 2713.99 0.00 0.00 0.00 64.22 0.00 0.00 4.74 0.00 0.00 0.00 0.00 0.00 0.00 0.00 0.00 0.00 0.00
12 1999 2854.05 0.00 0.00 0.00 64.22 0.00 0.00 4.74 0.00 0.00 0.00 0.00 0.00 0.00 0.00 0.00 0.00 0.00
1 2000 2725.34 0.00 0.00 0.00 64.22 0.00 0.00 4.74 0.00 0.00 0.00 0.00 0.00 0.00 0.00 0.00 0.00 0.00
2 2000 3452.14 0.00 0.00 0.00 64.22 0.00 0.00 4.74 0.00 0.00 0.00 0.00 0.00 0.00 0.00 0.00 0.00 0.00
3 2000 2838.91 0.00 0.00 0.00 64.22 0.00 0.00 4.74 0.00 0.00 0.00 0.00 0.00 0.00 0.00 0.00 0.00 0.00
4 2000 2653.42 0.00 0.00 0.00 64.22 0.00 0.00 4.74 0.00 0.00 0.00 0.00 0.00 0.00 0.00 0.00 0.00 0.00
5 2000 2717.77 0.00 0.00 0.00 64.22 0.00 0.00 4.74 0.00 0.00 0.00 0.00 0.00 0.00 0.00 0.00 0.00 0.00
6 2000 3387.79 0.00 0.00 0.00 64.22 0.00 0.00 4.74 0.00 0.00 0.00 0.00 0.00 0.00 0.00 0.00 0.00 0.00
7 2000 4178.94 0.00 0.00 0.00 64.22 0.00 0.00 4.74 0.00 0.00 0.00 0.00 0.00 0.00 0.00 0.00 0.00 0.00
8 2000 2770.77 0.00 0.00 0.00 64.22 0.00 0.00 4.74 0.00 0.00 0.00 0.00 0.00 0.00 0.00 0.00 0.00 0.00
9 2000 1760.07 0.00 0.00 0.00 64.22 0.00 0.00 4.74 0.00 0.00 0.00 0.00 0.00 0.00 0.00 0.00 0.00 0.00
10 2000 3527.85 0.00 0.00 0.00 64.22 0.00 0.00 4.74 0.00 0.00 0.00 0.00 0.00 0.00 0.00 0.00 0.00 0.00
11 2000 3739.83 0.00 0.00 0.00 64.22 0.00 0.00 4.74 0.00 0.00 0.00 0.00 0.00 0.00 0.00 0.00 0.00 0.00
12 2000 2869.19 0.00 0.00 0.00 64.22 0.00 0.00 4.74 0.00 0.00 0.00 0.00 0.00 0.00 0.00 0.00 0.00 0.00
1 2001 1987.19 0.00 0.00 0.00 64.22 0.00 0.00 4.74 0.00 0.00 0.00 0.00 0.00 0.00 0.00 0.00 0.00 0.00
2 2001 4250.86 0.00 0.00 0.00 64.22 0.00 0.00 4.74 0.00 0.00 0.00 0.00 0.00 0.00 0.00 0.00 0.00 0.00
3 2001 5609.82 0.00 0.00 0.00 64.22 0.00 0.00 4.74 0.00 0.00 0.00 0.00 0.00 0.00 0.00 0.00 0.00 0.00
4 2001 8517.01 0.00 0.00 0.00 64.22 0.00 0.00 4.74 0.00 0.00 0.00 0.00 0.00 0.00 0.00 0.00 0.00 0.00
5 2001 9205.95 0.00 0.00 0.00 64.22 0.00 0.00 4.74 0.00 0.00 0.00 0.00 0.00 0.00 0.00 0.00 0.00 0.00
6 2001 7930.27 0.00 0.00 0.00 64.22 0.00 0.00 4.74 0.00 0.00 0.00 0.00 0.00 0.00 0.00 0.00 0.00 0.00
7 2001 245.91 0.00 0.00 0.00 64.22 0.00 0.00 4.74 0.00 0.00 0.00 0.00 0.00 0.00 0.00 0.00 0.00 0.00
8 2001 1355.03 0.00 0.00 0.00 64.22 0.00 0.00 4.74 0.00 0.00 0.00 0.00 0.00 0.00 0.00 0.00 0.00 0.00
9 2001 4088.09 0.00 0.00 0.00 64.22 0.00 0.00 4.74 0.00 0.00 0.00 0.00 0.00 0.00 0.00 0.00 0.00 0.00
10 2001 2131.04 0.00 0.00 0.00 64.22 0.00 0.00 4.74 0.00 0.00 0.00 0.00 0.00 0.00 0.00 0.00 0.00 0.00
11 2001 2036.40 0.00 0.00 0.00 64.22 0.00 0.00 4.74 0.00 0.00 0.00 0.00 0.00 0.00 0.00 0.00 0.00 0.00
12 2001 2214.32 0.00 0.00 0.00 64.22 0.00 0.00 4.74 0.00 0.00 0.00 0.00 0.00 0.00 0.00 0.00 0.00 0.00
1 2002 2055.33 0.00 0.00 0.00 64.22 0.00 0.00 4.74 0.00 0.00 0.00 0.00 0.00 0.00 0.00 0.00 0.00 0.00
2 2002 2471.72 0.00 0.00 0.00 64.22 0.00 0.00 4.74 0.00 0.00 0.00 0.00 0.00 0.00 0.00 0.00 0.00 0.00
3 2002 2165.11 0.00 0.00 0.00 64.22 0.00 0.00 4.74 0.00 0.00 0.00 0.00 0.00 0.00 0.00 0.00 0.00 0.00
4 2002 7483.59 0.00 0.00 0.00 64.22 0.00 0.00 4.74 0.00 0.00 0.00 0.00 0.00 0.00 0.00 0.00 0.00 0.00
5 2002 8600.29 0.00 0.00 0.00 64.22 0.00 0.00 4.74 0.00 0.00 0.00 0.00 0.00 0.00 0.00 0.00 0.00 0.00
6 2002 5924.01 0.00 0.00 0.00 64.22 0.00 0.00 4.74 0.00 0.00 0.00 0.00 0.00 0.00 0.00 0.00 0.00 0.00
7 2002 4054.02 0.00 0.00 0.00 64.22 0.00 0.00 4.74 0.00 0.00 0.00 0.00 0.00 0.00 0.00 0.00 0.00 0.00
8 2002 5182.07 0.00 0.00 0.00 64.22 0.00 0.00 4.74 0.00 0.00 0.00 0.00 0.00 0.00 0.00 0.00 0.00 0.00
9 2002 2910.83 0.00 0.00 0.00 64.22 0.00 0.00 4.74 0.00 0.00 0.00 0.00 0.00 0.00 0.00 0.00 0.00 0.00
10 2002 4803.53 0.00 0.00 0.00 64.22 0.00 0.00 4.74 0.00 0.00 0.00 0.00 0.00 0.00 0.00 0.00 0.00 0.00
11 2002 2679.92 0.00 0.00 0.00 64.22 0.00 0.00 4.74 0.00 0.00 0.00 0.00 0.00 0.00 0.00 0.00 0.00 0.00
12 2002 2240.81 0.00 0.00 0.00 64.22 0.00 0.00 4.74 0.00 0.00 0.00 0.00 0.00 0.00 0.00 0.00 0.00 0.00
1 2003 2127.25 0.00 0.00 0.00 64.22 0.00 0.00 4.74 0.00 0.00 0.00 0.00 0.00 0.00 0.00 0.00 0.00 0.00
2 2003 2343.02 0.00 0.00 0.00 64.22 0.00 0.00 4.74 0.00 0.00 0.00 0.00 0.00 0.00 0.00 0.00 0.00 0.00
3 2003 2418.73 0.00 0.00 0.00 64.22 0.00 0.00 4.74 0.00 0.00 0.00 0.00 0.00 0.00 0.00 0.00 0.00 0.00
4 2003 4186.51 0.00 0.00 0.00 64.22 0.00 0.00 4.74 0.00 0.00 0.00 0.00 0.00 0.00 0.00 0.00 0.00 0.00
5 2003 9917.61 0.00 0.00 0.00 64.22 0.00 0.00 4.74 0.00 0.00 0.00 0.00 0.00 0.00 0.00 0.00 0.00 0.00
6 2003 4489.34 0.00 0.00 0.00 64.22 0.00 0.00 4.74 0.00 0.00 0.00 0.00 0.00 0.00 0.00 0.00 0.00 0.00
7 2003 9758.62 0.00 0.00 0.00 64.22 0.00 0.00 4.74 0.00 0.00 0.00 0.00 0.00 0.00 0.00 0.00 0.00 0.00
8 2003 2577.72 0.00 0.00 0.00 64.22 0.00 0.00 4.74 0.00 0.00 0.00 0.00 0.00 0.00 0.00 0.00 0.00 0.00
9 2003 2180.25 0.00 0.00 0.00 64.22 0.00 0.00 4.74 0.00 0.00 0.00 0.00 0.00 0.00 0.00 0.00 0.00 0.00
10 2003 3153.10 0.00 0.00 0.00 64.22 0.00 0.00 4.74 0.00 0.00 0.00 0.00 0.00 0.00 0.00 0.00 0.00 0.00
11 2003 3754.97 0.00 0.00 0.00 64.22 0.00 0.00 4.74 0.00 0.00 0.00 0.00 0.00 0.00 0.00 0.00 0.00 0.00
12 2003 2335.45 0.00 0.00 0.00 64.22 0.00 0.00 4.74 0.00 0.00 0.00 0.00 0.00 0.00 0.00 0.00 0.00 0.00
1 2004 2078.04 0.00 0.00 0.00 64.22 0.00 0.00 4.74 0.00 0.00 0.00 0.00 0.00 0.00 0.00 0.00 0.00 0.00
2 2004 3645.20 0.00 0.00 0.00 64.22 0.00 0.00 4.74 0.00 0.00 0.00 0.00 0.00 0.00 0.00 0.00 0.00 0.00
3 2004 8077.90 0.00 0.00 0.00 64.22 0.00 0.00 4.74 0.00 0.00 0.00 0.00 0.00 0.00 0.00 0.00 0.00 0.00
4 2004 5129.08 0.00 0.00 0.00 64.22 0.00 0.00 4.74 0.00 0.00 0.00 0.00 0.00 0.00 0.00 0.00 0.00 0.00
5 2004 11420.41 0.00 0.00 0.00 64.22 0.00 0.00 4.74 0.00 0.00 0.00 0.00 0.00 0.00 0.00 0.00 0.00 0.00
6 2004 5965.65 0.00 0.00 0.00 64.22 0.00 0.00 4.74 0.00 0.00 0.00 0.00 0.00 0.00 0.00 0.00 0.00 0.00
7 2004 8017.33 0.00 0.00 0.00 64.22 0.00 0.00 4.74 0.00 0.00 0.00 0.00 0.00 0.00 0.00 0.00 0.00 0.00
8 2004 3478.64 0.00 0.00 0.00 64.22 0.00 0.00 4.74 0.00 0.00 0.00 0.00 0.00 0.00 0.00 0.00 0.00 0.00
9 2004 2573.93 0.00 0.00 0.00 64.22 0.00 0.00 4.74 0.00 0.00 0.00 0.00 0.00 0.00 0.00 0.00 0.00 0.00
10 2004 1998.55 0.00 0.00 0.00 64.22 0.00 0.00 4.74 0.00 0.00 0.00 0.00 0.00 0.00 0.00 0.00 0.00 0.00
11 2004 3667.91 0.00 0.00 0.00 64.22 0.00 0.00 4.74 0.00 0.00 0.00 0.00 0.00 0.00 0.00 0.00 0.00 0.00
12 2004 2570.14 0.00 0.00 0.00 64.22 0.00 0.00 4.74 0.00 0.00 0.00 0.00 0.00 0.00 0.00 0.00 0.00 0.00
1 2005 2127.25 0.00 0.00 0.00 64.22 0.00 0.00 4.74 0.00 0.00 0.00 0.00 0.00 0.00 0.00 0.00 0.00 0.00
2 2005 5942.94 0.00 0.00 0.00 64.22 0.00 0.00 4.74 0.00 0.00 0.00 0.00 0.00 0.00 0.00 0.00 0.00 0.00
3 2005 3251.52 0.00 0.00 0.00 64.22 0.00 0.00 4.74 0.00 0.00 0.00 0.00 0.00 0.00 0.00 0.00 0.00 0.00
4 2005 3395.36 0.00 0.00 0.00 64.22 0.00 0.00 4.74 0.00 0.00 0.00 0.00 0.00 0.00 0.00 0.00 0.00 0.00
5 2005 4137.30 0.00 0.00 0.00 64.22 0.00 0.00 4.74 0.00 0.00 0.00 0.00 0.00 0.00 0.00 0.00 0.00 0.00
6 2005 2725.34 0.00 0.00 0.00 64.22 0.00 0.00 4.74 0.00 0.00 0.00 0.00 0.00 0.00 0.00 0.00 0.00 0.00
7 2005 2218.10 0.00 0.00 0.00 64.22 0.00 0.00 4.74 0.00 0.00 0.00 0.00 0.00 0.00 0.00 0.00 0.00 0.00
8 2005 3664.13 0.00 0.00 0.00 64.22 0.00 0.00 4.74 0.00 0.00 0.00 0.00 0.00 0.00 0.00 0.00 0.00 0.00
9 2005 3319.65 0.00 0.00 0.00 64.22 0.00 0.00 4.74 0.00 0.00 0.00 0.00 0.00 0.00 0.00 0.00 0.00 0.00
10 2005 2021.26 0.00 0.00 0.00 64.22 0.00 0.00 4.74 0.00 0.00 0.00 0.00 0.00 0.00 0.00 0.00 0.00 0.00
11 2005 2149.97 0.00 0.00 0.00 64.22 0.00 0.00 4.74 0.00 0.00 0.00 0.00 0.00 0.00 0.00 0.00 0.00 0.00
12 2005 2638.28 0.00 0.00 0.00 64.22 0.00 0.00 4.74 0.00 0.00 0.00 0.00 0.00 0.00 0.00 0.00 0.00 0.00
1 2006 2180.25 0.00 0.00 0.00 64.22 0.00 0.00 4.74 0.00 0.00 0.00 0.00 0.00 0.00 0.00 0.00 0.00 0.00
2 2006 1945.55 0.00 0.00 0.00 64.22 0.00 0.00 4.74 0.00 0.00 0.00 0.00 0.00 0.00 0.00 0.00 0.00 0.00
3 2006 3789.04 0.00 0.00 0.00 64.22 0.00 0.00 4.74 0.00 0.00 0.00 0.00 0.00 0.00 0.00 0.00 0.00 0.00
4 2006 4618.05 0.00 0.00 0.00 64.22 0.00 0.00 4.74 0.00 0.00 0.00 0.00 0.00 0.00 0.00 0.00 0.00 0.00
5 2006 4103.23 0.00 0.00 0.00 64.22 0.00 0.00 4.74 0.00 0.00 0.00 0.00 0.00 0.00 0.00 0.00 0.00 0.00
6 2006 3365.08 0.00 0.00 0.00 64.22 0.00 0.00 4.74 0.00 0.00 0.00 0.00 0.00 0.00 0.00 0.00 0.00 0.00
7 2006 3754.97 0.00 0.00 0.00 64.22 0.00 0.00 4.74 0.00 0.00 0.00 0.00 0.00 0.00 0.00 0.00 0.00 0.00
8 2006 9550.42 0.00 0.00 0.00 64.22 0.00 0.00 4.74 0.00 0.00 0.00 0.00 0.00 0.00 0.00 0.00 0.00 0.00
9 2006 3.64 0.00 0.00 0.00 0.17 0.00 0.00 0.00 0.00 0.00 0.00 0.00 0.00 0.00 0.00 0.00 0.00 0.00
10 2006 3.64 0.00 0.00 0.00 0.17 0.00 0.00 0.00 0.00 0.00 0.00 0.00 0.00 0.00 0.00 0.00 0.00 0.00
11 2006 3.64 0.00 0.00 0.00 0.17 0.00 0.00 0.00 0.00 0.00 0.00 0.00 0.00 0.00 0.00 0.00 0.00 0.00
12 2006 3.64 0.00 0.00 0.00 0.17 0.00 0.00 0.00 0.00 0.00 0.00 0.00 0.00 0.00 0.00 0.00 0.00 0.00
