Written by i_SWAT





1 1983 13937.75 0.00 0.00 0.00 1969.10 0.00 0.00 145.81 0.00 0.00 0.00 0.00 0.00 0.00 0.00 0.00 0.00 0.00
2 1983 16144.64 0.00 0.00 0.00 1969.10 0.00 0.00 145.81 0.00 0.00 0.00 0.00 0.00 0.00 0.00 0.00 0.00 0.00
3 1983 21033.86 0.00 0.00 0.00 1969.10 0.00 0.00 145.81 0.00 0.00 0.00 0.00 0.00 0.00 0.00 0.00 0.00 0.00
4 1983 22075.98 0.00 0.00 0.00 1969.10 0.00 0.00 145.81 0.00 0.00 0.00 0.00 0.00 0.00 0.00 0.00 0.00 0.00
5 1983 22368.97 0.00 0.00 0.00 1969.10 0.00 0.00 145.81 0.00 0.00 0.00 0.00 0.00 0.00 0.00 0.00 0.00 0.00
6 1983 20851.40 0.00 0.00 0.00 1969.10 0.00 0.00 145.81 0.00 0.00 0.00 0.00 0.00 0.00 0.00 0.00 0.00 0.00
7 1983 20235.14 0.00 0.00 0.00 1969.10 0.00 0.00 145.81 0.00 0.00 0.00 0.00 0.00 0.00 0.00 0.00 0.00 0.00
8 1983 18959.84 0.00 0.00 0.00 1969.10 0.00 0.00 145.81 0.00 0.00 0.00 0.00 0.00 0.00 0.00 0.00 0.00 0.00
9 1983 17071.30 0.00 0.00 0.00 1969.10 0.00 0.00 145.81 0.00 0.00 0.00 0.00 0.00 0.00 0.00 0.00 0.00 0.00
10 1983 15990.57 0.00 0.00 0.00 1969.10 0.00 0.00 145.81 0.00 0.00 0.00 0.00 0.00 0.00 0.00 0.00 0.00 0.00
11 1983 17688.32 0.00 0.00 0.00 1969.10 0.00 0.00 145.81 0.00 0.00 0.00 0.00 0.00 0.00 0.00 0.00 0.00 0.00
12 1983 14841.70 0.00 0.00 0.00 1969.10 0.00 0.00 145.81 0.00 0.00 0.00 0.00 0.00 0.00 0.00 0.00 0.00 0.00
1 1984 13937.75 0.00 0.00 0.00 1969.10 0.00 0.00 145.81 0.00 0.00 0.00 0.00 0.00 0.00 0.00 0.00 0.00 0.00
2 1984 16144.64 0.00 0.00 0.00 1969.10 0.00 0.00 145.81 0.00 0.00 0.00 0.00 0.00 0.00 0.00 0.00 0.00 0.00
3 1984 21033.86 0.00 0.00 0.00 1969.10 0.00 0.00 145.81 0.00 0.00 0.00 0.00 0.00 0.00 0.00 0.00 0.00 0.00
4 1984 22075.98 0.00 0.00 0.00 1969.10 0.00 0.00 145.81 0.00 0.00 0.00 0.00 0.00 0.00 0.00 0.00 0.00 0.00
5 1984 22368.97 0.00 0.00 0.00 1969.10 0.00 0.00 145.81 0.00 0.00 0.00 0.00 0.00 0.00 0.00 0.00 0.00 0.00
6 1984 20851.40 0.00 0.00 0.00 1969.10 0.00 0.00 145.81 0.00 0.00 0.00 0.00 0.00 0.00 0.00 0.00 0.00 0.00
7 1984 20235.14 0.00 0.00 0.00 1969.10 0.00 0.00 145.81 0.00 0.00 0.00 0.00 0.00 0.00 0.00 0.00 0.00 0.00
8 1984 18959.84 0.00 0.00 0.00 1969.10 0.00 0.00 145.81 0.00 0.00 0.00 0.00 0.00 0.00 0.00 0.00 0.00 0.00
9 1984 17071.30 0.00 0.00 0.00 1969.10 0.00 0.00 145.81 0.00 0.00 0.00 0.00 0.00 0.00 0.00 0.00 0.00 0.00
10 1984 15990.57 0.00 0.00 0.00 1969.10 0.00 0.00 145.81 0.00 0.00 0.00 0.00 0.00 0.00 0.00 0.00 0.00 0.00
11 1984 17688.32 0.00 0.00 0.00 1969.10 0.00 0.00 145.81 0.00 0.00 0.00 0.00 0.00 0.00 0.00 0.00 0.00 0.00
12 1984 14841.70 0.00 0.00 0.00 1969.10 0.00 0.00 145.81 0.00 0.00 0.00 0.00 0.00 0.00 0.00 0.00 0.00 0.00
1 1985 13937.75 0.00 0.00 0.00 1969.10 0.00 0.00 145.81 0.00 0.00 0.00 0.00 0.00 0.00 0.00 0.00 0.00 0.00
2 1985 16144.64 0.00 0.00 0.00 1969.10 0.00 0.00 145.81 0.00 0.00 0.00 0.00 0.00 0.00 0.00 0.00 0.00 0.00
3 1985 21033.86 0.00 0.00 0.00 1969.10 0.00 0.00 145.81 0.00 0.00 0.00 0.00 0.00 0.00 0.00 0.00 0.00 0.00
4 1985 22075.98 0.00 0.00 0.00 1969.10 0.00 0.00 145.81 0.00 0.00 0.00 0.00 0.00 0.00 0.00 0.00 0.00 0.00
5 1985 22368.97 0.00 0.00 0.00 1969.10 0.00 0.00 145.81 0.00 0.00 0.00 0.00 0.00 0.00 0.00 0.00 0.00 0.00
6 1985 20851.40 0.00 0.00 0.00 1969.10 0.00 0.00 145.81 0.00 0.00 0.00 0.00 0.00 0.00 0.00 0.00 0.00 0.00
7 1985 20235.14 0.00 0.00 0.00 1969.10 0.00 0.00 145.81 0.00 0.00 0.00 0.00 0.00 0.00 0.00 0.00 0.00 0.00
8 1985 18959.84 0.00 0.00 0.00 1969.10 0.00 0.00 145.81 0.00 0.00 0.00 0.00 0.00 0.00 0.00 0.00 0.00 0.00
9 1985 17071.30 0.00 0.00 0.00 1969.10 0.00 0.00 145.81 0.00 0.00 0.00 0.00 0.00 0.00 0.00 0.00 0.00 0.00
10 1985 15990.57 0.00 0.00 0.00 1969.10 0.00 0.00 145.81 0.00 0.00 0.00 0.00 0.00 0.00 0.00 0.00 0.00 0.00
11 1985 17688.32 0.00 0.00 0.00 1969.10 0.00 0.00 145.81 0.00 0.00 0.00 0.00 0.00 0.00 0.00 0.00 0.00 0.00
12 1985 14841.70 0.00 0.00 0.00 1969.10 0.00 0.00 145.81 0.00 0.00 0.00 0.00 0.00 0.00 0.00 0.00 0.00 0.00
1 1986 13937.75 0.00 0.00 0.00 1969.10 0.00 0.00 145.81 0.00 0.00 0.00 0.00 0.00 0.00 0.00 0.00 0.00 0.00
2 1986 16144.64 0.00 0.00 0.00 1969.10 0.00 0.00 145.81 0.00 0.00 0.00 0.00 0.00 0.00 0.00 0.00 0.00 0.00
3 1986 21033.86 0.00 0.00 0.00 1969.10 0.00 0.00 145.81 0.00 0.00 0.00 0.00 0.00 0.00 0.00 0.00 0.00 0.00
4 1986 22075.98 0.00 0.00 0.00 1969.10 0.00 0.00 145.81 0.00 0.00 0.00 0.00 0.00 0.00 0.00 0.00 0.00 0.00
5 1986 22368.97 0.00 0.00 0.00 1969.10 0.00 0.00 145.81 0.00 0.00 0.00 0.00 0.00 0.00 0.00 0.00 0.00 0.00
6 1986 20851.40 0.00 0.00 0.00 1969.10 0.00 0.00 145.81 0.00 0.00 0.00 0.00 0.00 0.00 0.00 0.00 0.00 0.00
7 1986 20235.14 0.00 0.00 0.00 1969.10 0.00 0.00 145.81 0.00 0.00 0.00 0.00 0.00 0.00 0.00 0.00 0.00 0.00
8 1986 18959.84 0.00 0.00 0.00 1969.10 0.00 0.00 145.81 0.00 0.00 0.00 0.00 0.00 0.00 0.00 0.00 0.00 0.00
9 1986 17071.30 0.00 0.00 0.00 1969.10 0.00 0.00 145.81 0.00 0.00 0.00 0.00 0.00 0.00 0.00 0.00 0.00 0.00
10 1986 15990.57 0.00 0.00 0.00 1969.10 0.00 0.00 145.81 0.00 0.00 0.00 0.00 0.00 0.00 0.00 0.00 0.00 0.00
11 1986 17688.32 0.00 0.00 0.00 1969.10 0.00 0.00 145.81 0.00 0.00 0.00 0.00 0.00 0.00 0.00 0.00 0.00 0.00
12 1986 14841.70 0.00 0.00 0.00 1969.10 0.00 0.00 145.81 0.00 0.00 0.00 0.00 0.00 0.00 0.00 0.00 0.00 0.00
1 1987 13937.75 0.00 0.00 0.00 1969.10 0.00 0.00 145.81 0.00 0.00 0.00 0.00 0.00 0.00 0.00 0.00 0.00 0.00
2 1987 16144.64 0.00 0.00 0.00 1969.10 0.00 0.00 145.81 0.00 0.00 0.00 0.00 0.00 0.00 0.00 0.00 0.00 0.00
3 1987 21033.86 0.00 0.00 0.00 1969.10 0.00 0.00 145.81 0.00 0.00 0.00 0.00 0.00 0.00 0.00 0.00 0.00 0.00
4 1987 22075.98 0.00 0.00 0.00 1969.10 0.00 0.00 145.81 0.00 0.00 0.00 0.00 0.00 0.00 0.00 0.00 0.00 0.00
5 1987 22368.97 0.00 0.00 0.00 1969.10 0.00 0.00 145.81 0.00 0.00 0.00 0.00 0.00 0.00 0.00 0.00 0.00 0.00
6 1987 20851.40 0.00 0.00 0.00 1969.10 0.00 0.00 145.81 0.00 0.00 0.00 0.00 0.00 0.00 0.00 0.00 0.00 0.00
7 1987 20235.14 0.00 0.00 0.00 1969.10 0.00 0.00 145.81 0.00 0.00 0.00 0.00 0.00 0.00 0.00 0.00 0.00 0.00
8 1987 18959.84 0.00 0.00 0.00 1969.10 0.00 0.00 145.81 0.00 0.00 0.00 0.00 0.00 0.00 0.00 0.00 0.00 0.00
9 1987 17071.30 0.00 0.00 0.00 1969.10 0.00 0.00 145.81 0.00 0.00 0.00 0.00 0.00 0.00 0.00 0.00 0.00 0.00
10 1987 15990.57 0.00 0.00 0.00 1969.10 0.00 0.00 145.81 0.00 0.00 0.00 0.00 0.00 0.00 0.00 0.00 0.00 0.00
11 1987 17688.32 0.00 0.00 0.00 1969.10 0.00 0.00 145.81 0.00 0.00 0.00 0.00 0.00 0.00 0.00 0.00 0.00 0.00
12 1987 14841.70 0.00 0.00 0.00 1969.10 0.00 0.00 145.81 0.00 0.00 0.00 0.00 0.00 0.00 0.00 0.00 0.00 0.00
1 1988 13937.75 0.00 0.00 0.00 1969.10 0.00 0.00 145.81 0.00 0.00 0.00 0.00 0.00 0.00 0.00 0.00 0.00 0.00
2 1988 16144.64 0.00 0.00 0.00 1969.10 0.00 0.00 145.81 0.00 0.00 0.00 0.00 0.00 0.00 0.00 0.00 0.00 0.00
3 1988 21033.86 0.00 0.00 0.00 1969.10 0.00 0.00 145.81 0.00 0.00 0.00 0.00 0.00 0.00 0.00 0.00 0.00 0.00
4 1988 22075.98 0.00 0.00 0.00 1969.10 0.00 0.00 145.81 0.00 0.00 0.00 0.00 0.00 0.00 0.00 0.00 0.00 0.00
5 1988 22368.97 0.00 0.00 0.00 1969.10 0.00 0.00 145.81 0.00 0.00 0.00 0.00 0.00 0.00 0.00 0.00 0.00 0.00
6 1988 20851.40 0.00 0.00 0.00 1969.10 0.00 0.00 145.81 0.00 0.00 0.00 0.00 0.00 0.00 0.00 0.00 0.00 0.00
7 1988 20235.14 0.00 0.00 0.00 1969.10 0.00 0.00 145.81 0.00 0.00 0.00 0.00 0.00 0.00 0.00 0.00 0.00 0.00
8 1988 18959.84 0.00 0.00 0.00 1969.10 0.00 0.00 145.81 0.00 0.00 0.00 0.00 0.00 0.00 0.00 0.00 0.00 0.00
9 1988 17071.30 0.00 0.00 0.00 1969.10 0.00 0.00 145.81 0.00 0.00 0.00 0.00 0.00 0.00 0.00 0.00 0.00 0.00
10 1988 15990.57 0.00 0.00 0.00 1969.10 0.00 0.00 145.81 0.00 0.00 0.00 0.00 0.00 0.00 0.00 0.00 0.00 0.00
11 1988 17688.32 0.00 0.00 0.00 1969.10 0.00 0.00 145.81 0.00 0.00 0.00 0.00 0.00 0.00 0.00 0.00 0.00 0.00
12 1988 14841.70 0.00 0.00 0.00 1969.10 0.00 0.00 145.81 0.00 0.00 0.00 0.00 0.00 0.00 0.00 0.00 0.00 0.00
1 1989 13937.75 0.00 0.00 0.00 1969.10 0.00 0.00 145.81 0.00 0.00 0.00 0.00 0.00 0.00 0.00 0.00 0.00 0.00
2 1989 16144.64 0.00 0.00 0.00 1969.10 0.00 0.00 145.81 0.00 0.00 0.00 0.00 0.00 0.00 0.00 0.00 0.00 0.00
3 1989 21033.86 0.00 0.00 0.00 1969.10 0.00 0.00 145.81 0.00 0.00 0.00 0.00 0.00 0.00 0.00 0.00 0.00 0.00
4 1989 22075.98 0.00 0.00 0.00 1969.10 0.00 0.00 145.81 0.00 0.00 0.00 0.00 0.00 0.00 0.00 0.00 0.00 0.00
5 1989 22368.97 0.00 0.00 0.00 1969.10 0.00 0.00 145.81 0.00 0.00 0.00 0.00 0.00 0.00 0.00 0.00 0.00 0.00
6 1989 20851.40 0.00 0.00 0.00 1969.10 0.00 0.00 145.81 0.00 0.00 0.00 0.00 0.00 0.00 0.00 0.00 0.00 0.00
7 1989 20235.14 0.00 0.00 0.00 1969.10 0.00 0.00 145.81 0.00 0.00 0.00 0.00 0.00 0.00 0.00 0.00 0.00 0.00
8 1989 18959.84 0.00 0.00 0.00 1969.10 0.00 0.00 145.81 0.00 0.00 0.00 0.00 0.00 0.00 0.00 0.00 0.00 0.00
9 1989 17071.30 0.00 0.00 0.00 1969.10 0.00 0.00 145.81 0.00 0.00 0.00 0.00 0.00 0.00 0.00 0.00 0.00 0.00
10 1989 15990.57 0.00 0.00 0.00 1969.10 0.00 0.00 145.81 0.00 0.00 0.00 0.00 0.00 0.00 0.00 0.00 0.00 0.00
11 1989 17688.32 0.00 0.00 0.00 1969.10 0.00 0.00 145.81 0.00 0.00 0.00 0.00 0.00 0.00 0.00 0.00 0.00 0.00
12 1989 14841.70 0.00 0.00 0.00 1969.10 0.00 0.00 145.81 0.00 0.00 0.00 0.00 0.00 0.00 0.00 0.00 0.00 0.00
1 1990 13937.75 0.00 0.00 0.00 1969.10 0.00 0.00 145.81 0.00 0.00 0.00 0.00 0.00 0.00 0.00 0.00 0.00 0.00
2 1990 16144.64 0.00 0.00 0.00 1969.10 0.00 0.00 145.81 0.00 0.00 0.00 0.00 0.00 0.00 0.00 0.00 0.00 0.00
3 1990 21033.86 0.00 0.00 0.00 1969.10 0.00 0.00 145.81 0.00 0.00 0.00 0.00 0.00 0.00 0.00 0.00 0.00 0.00
4 1990 22075.98 0.00 0.00 0.00 1969.10 0.00 0.00 145.81 0.00 0.00 0.00 0.00 0.00 0.00 0.00 0.00 0.00 0.00
5 1990 22368.97 0.00 0.00 0.00 1969.10 0.00 0.00 145.81 0.00 0.00 0.00 0.00 0.00 0.00 0.00 0.00 0.00 0.00
6 1990 20851.40 0.00 0.00 0.00 1969.10 0.00 0.00 145.81 0.00 0.00 0.00 0.00 0.00 0.00 0.00 0.00 0.00 0.00
7 1990 20235.14 0.00 0.00 0.00 1969.10 0.00 0.00 145.81 0.00 0.00 0.00 0.00 0.00 0.00 0.00 0.00 0.00 0.00
8 1990 18959.84 0.00 0.00 0.00 1969.10 0.00 0.00 145.81 0.00 0.00 0.00 0.00 0.00 0.00 0.00 0.00 0.00 0.00
9 1990 17071.30 0.00 0.00 0.00 1969.10 0.00 0.00 145.81 0.00 0.00 0.00 0.00 0.00 0.00 0.00 0.00 0.00 0.00
10 1990 15990.57 0.00 0.00 0.00 1969.10 0.00 0.00 145.81 0.00 0.00 0.00 0.00 0.00 0.00 0.00 0.00 0.00 0.00
11 1990 17688.32 0.00 0.00 0.00 1969.10 0.00 0.00 145.81 0.00 0.00 0.00 0.00 0.00 0.00 0.00 0.00 0.00 0.00
12 1990 14841.70 0.00 0.00 0.00 1969.10 0.00 0.00 145.81 0.00 0.00 0.00 0.00 0.00 0.00 0.00 0.00 0.00 0.00
1 1991 13937.75 0.00 0.00 0.00 1969.10 0.00 0.00 145.81 0.00 0.00 0.00 0.00 0.00 0.00 0.00 0.00 0.00 0.00
2 1991 16144.64 0.00 0.00 0.00 1969.10 0.00 0.00 145.81 0.00 0.00 0.00 0.00 0.00 0.00 0.00 0.00 0.00 0.00
3 1991 21033.86 0.00 0.00 0.00 1969.10 0.00 0.00 145.81 0.00 0.00 0.00 0.00 0.00 0.00 0.00 0.00 0.00 0.00
4 1991 22075.98 0.00 0.00 0.00 1969.10 0.00 0.00 145.81 0.00 0.00 0.00 0.00 0.00 0.00 0.00 0.00 0.00 0.00
5 1991 22368.97 0.00 0.00 0.00 1969.10 0.00 0.00 145.81 0.00 0.00 0.00 0.00 0.00 0.00 0.00 0.00 0.00 0.00
6 1991 20851.40 0.00 0.00 0.00 1969.10 0.00 0.00 145.81 0.00 0.00 0.00 0.00 0.00 0.00 0.00 0.00 0.00 0.00
7 1991 20235.14 0.00 0.00 0.00 1969.10 0.00 0.00 145.81 0.00 0.00 0.00 0.00 0.00 0.00 0.00 0.00 0.00 0.00
8 1991 18959.84 0.00 0.00 0.00 1969.10 0.00 0.00 145.81 0.00 0.00 0.00 0.00 0.00 0.00 0.00 0.00 0.00 0.00
9 1991 17071.30 0.00 0.00 0.00 1969.10 0.00 0.00 145.81 0.00 0.00 0.00 0.00 0.00 0.00 0.00 0.00 0.00 0.00
10 1991 15990.57 0.00 0.00 0.00 1969.10 0.00 0.00 145.81 0.00 0.00 0.00 0.00 0.00 0.00 0.00 0.00 0.00 0.00
11 1991 17688.32 0.00 0.00 0.00 1969.10 0.00 0.00 145.81 0.00 0.00 0.00 0.00 0.00 0.00 0.00 0.00 0.00 0.00
12 1991 14841.70 0.00 0.00 0.00 1969.10 0.00 0.00 145.81 0.00 0.00 0.00 0.00 0.00 0.00 0.00 0.00 0.00 0.00
1 1992 13937.75 0.00 0.00 0.00 1969.10 0.00 0.00 145.81 0.00 0.00 0.00 0.00 0.00 0.00 0.00 0.00 0.00 0.00
2 1992 16144.64 0.00 0.00 0.00 1969.10 0.00 0.00 145.81 0.00 0.00 0.00 0.00 0.00 0.00 0.00 0.00 0.00 0.00
3 1992 21033.86 0.00 0.00 0.00 1969.10 0.00 0.00 145.81 0.00 0.00 0.00 0.00 0.00 0.00 0.00 0.00 0.00 0.00
4 1992 22075.98 0.00 0.00 0.00 1969.10 0.00 0.00 145.81 0.00 0.00 0.00 0.00 0.00 0.00 0.00 0.00 0.00 0.00
5 1992 22368.97 0.00 0.00 0.00 1969.10 0.00 0.00 145.81 0.00 0.00 0.00 0.00 0.00 0.00 0.00 0.00 0.00 0.00
6 1992 20851.40 0.00 0.00 0.00 1969.10 0.00 0.00 145.81 0.00 0.00 0.00 0.00 0.00 0.00 0.00 0.00 0.00 0.00
7 1992 20235.14 0.00 0.00 0.00 1969.10 0.00 0.00 145.81 0.00 0.00 0.00 0.00 0.00 0.00 0.00 0.00 0.00 0.00
8 1992 18959.84 0.00 0.00 0.00 1969.10 0.00 0.00 145.81 0.00 0.00 0.00 0.00 0.00 0.00 0.00 0.00 0.00 0.00
9 1992 17071.30 0.00 0.00 0.00 1969.10 0.00 0.00 145.81 0.00 0.00 0.00 0.00 0.00 0.00 0.00 0.00 0.00 0.00
10 1992 15990.57 0.00 0.00 0.00 1969.10 0.00 0.00 145.81 0.00 0.00 0.00 0.00 0.00 0.00 0.00 0.00 0.00 0.00
11 1992 17688.32 0.00 0.00 0.00 1969.10 0.00 0.00 145.81 0.00 0.00 0.00 0.00 0.00 0.00 0.00 0.00 0.00 0.00
12 1992 14841.70 0.00 0.00 0.00 1969.10 0.00 0.00 145.81 0.00 0.00 0.00 0.00 0.00 0.00 0.00 0.00 0.00 0.00
1 1993 13937.75 0.00 0.00 0.00 1969.10 0.00 0.00 145.81 0.00 0.00 0.00 0.00 0.00 0.00 0.00 0.00 0.00 0.00
2 1993 16144.64 0.00 0.00 0.00 1969.10 0.00 0.00 145.81 0.00 0.00 0.00 0.00 0.00 0.00 0.00 0.00 0.00 0.00
3 1993 21033.86 0.00 0.00 0.00 1969.10 0.00 0.00 145.81 0.00 0.00 0.00 0.00 0.00 0.00 0.00 0.00 0.00 0.00
4 1993 22075.98 0.00 0.00 0.00 1969.10 0.00 0.00 145.81 0.00 0.00 0.00 0.00 0.00 0.00 0.00 0.00 0.00 0.00
5 1993 22368.97 0.00 0.00 0.00 1969.10 0.00 0.00 145.81 0.00 0.00 0.00 0.00 0.00 0.00 0.00 0.00 0.00 0.00
6 1993 20851.40 0.00 0.00 0.00 1969.10 0.00 0.00 145.81 0.00 0.00 0.00 0.00 0.00 0.00 0.00 0.00 0.00 0.00
7 1993 20235.14 0.00 0.00 0.00 1969.10 0.00 0.00 145.81 0.00 0.00 0.00 0.00 0.00 0.00 0.00 0.00 0.00 0.00
8 1993 18959.84 0.00 0.00 0.00 1969.10 0.00 0.00 145.81 0.00 0.00 0.00 0.00 0.00 0.00 0.00 0.00 0.00 0.00
9 1993 17071.30 0.00 0.00 0.00 1969.10 0.00 0.00 145.81 0.00 0.00 0.00 0.00 0.00 0.00 0.00 0.00 0.00 0.00
10 1993 15990.57 0.00 0.00 0.00 1969.10 0.00 0.00 145.81 0.00 0.00 0.00 0.00 0.00 0.00 0.00 0.00 0.00 0.00
11 1993 17688.32 0.00 0.00 0.00 1969.10 0.00 0.00 145.81 0.00 0.00 0.00 0.00 0.00 0.00 0.00 0.00 0.00 0.00
12 1993 14841.70 0.00 0.00 0.00 1969.10 0.00 0.00 145.81 0.00 0.00 0.00 0.00 0.00 0.00 0.00 0.00 0.00 0.00
1 1994 13937.75 0.00 0.00 0.00 1969.10 0.00 0.00 145.81 0.00 0.00 0.00 0.00 0.00 0.00 0.00 0.00 0.00 0.00
2 1994 16144.64 0.00 0.00 0.00 1969.10 0.00 0.00 145.81 0.00 0.00 0.00 0.00 0.00 0.00 0.00 0.00 0.00 0.00
3 1994 21033.86 0.00 0.00 0.00 1969.10 0.00 0.00 145.81 0.00 0.00 0.00 0.00 0.00 0.00 0.00 0.00 0.00 0.00
4 1994 22075.98 0.00 0.00 0.00 1969.10 0.00 0.00 145.81 0.00 0.00 0.00 0.00 0.00 0.00 0.00 0.00 0.00 0.00
5 1994 22368.97 0.00 0.00 0.00 1969.10 0.00 0.00 145.81 0.00 0.00 0.00 0.00 0.00 0.00 0.00 0.00 0.00 0.00
6 1994 20851.40 0.00 0.00 0.00 1969.10 0.00 0.00 145.81 0.00 0.00 0.00 0.00 0.00 0.00 0.00 0.00 0.00 0.00
7 1994 20235.14 0.00 0.00 0.00 1969.10 0.00 0.00 145.81 0.00 0.00 0.00 0.00 0.00 0.00 0.00 0.00 0.00 0.00
8 1994 18959.84 0.00 0.00 0.00 1969.10 0.00 0.00 145.81 0.00 0.00 0.00 0.00 0.00 0.00 0.00 0.00 0.00 0.00
9 1994 17071.30 0.00 0.00 0.00 1969.10 0.00 0.00 145.81 0.00 0.00 0.00 0.00 0.00 0.00 0.00 0.00 0.00 0.00
10 1994 15990.57 0.00 0.00 0.00 1969.10 0.00 0.00 145.81 0.00 0.00 0.00 0.00 0.00 0.00 0.00 0.00 0.00 0.00
11 1994 17688.32 0.00 0.00 0.00 1969.10 0.00 0.00 145.81 0.00 0.00 0.00 0.00 0.00 0.00 0.00 0.00 0.00 0.00
12 1994 14841.70 0.00 0.00 0.00 1969.10 0.00 0.00 145.81 0.00 0.00 0.00 0.00 0.00 0.00 0.00 0.00 0.00 0.00
1 1995 13937.75 0.00 0.00 0.00 1969.10 0.00 0.00 145.81 0.00 0.00 0.00 0.00 0.00 0.00 0.00 0.00 0.00 0.00
2 1995 16144.64 0.00 0.00 0.00 1969.10 0.00 0.00 145.81 0.00 0.00 0.00 0.00 0.00 0.00 0.00 0.00 0.00 0.00
3 1995 21033.86 0.00 0.00 0.00 1969.10 0.00 0.00 145.81 0.00 0.00 0.00 0.00 0.00 0.00 0.00 0.00 0.00 0.00
4 1995 22075.98 0.00 0.00 0.00 1969.10 0.00 0.00 145.81 0.00 0.00 0.00 0.00 0.00 0.00 0.00 0.00 0.00 0.00
5 1995 22368.97 0.00 0.00 0.00 1969.10 0.00 0.00 145.81 0.00 0.00 0.00 0.00 0.00 0.00 0.00 0.00 0.00 0.00
6 1995 20851.40 0.00 0.00 0.00 1969.10 0.00 0.00 145.81 0.00 0.00 0.00 0.00 0.00 0.00 0.00 0.00 0.00 0.00
7 1995 20235.14 0.00 0.00 0.00 1969.10 0.00 0.00 145.81 0.00 0.00 0.00 0.00 0.00 0.00 0.00 0.00 0.00 0.00
8 1995 18959.84 0.00 0.00 0.00 1969.10 0.00 0.00 145.81 0.00 0.00 0.00 0.00 0.00 0.00 0.00 0.00 0.00 0.00
9 1995 17071.30 0.00 0.00 0.00 1969.10 0.00 0.00 145.81 0.00 0.00 0.00 0.00 0.00 0.00 0.00 0.00 0.00 0.00
10 1995 16932.38 0.00 0.00 0.00 1969.10 0.00 0.00 145.81 0.00 0.00 0.00 0.00 0.00 0.00 0.00 0.00 0.00 0.00
11 1995 17662.96 0.00 0.00 0.00 1969.10 0.00 0.00 145.81 0.00 0.00 0.00 0.00 0.00 0.00 0.00 0.00 0.00 0.00
12 1995 16891.12 0.00 0.00 0.00 1969.10 0.00 0.00 145.81 0.00 0.00 0.00 0.00 0.00 0.00 0.00 0.00 0.00 0.00
1 1996 8062.05 0.00 0.00 0.00 1969.10 0.00 0.00 145.81 0.00 0.00 0.00 0.00 0.00 0.00 0.00 0.00 0.00 0.00
2 1996 16841.91 0.00 0.00 0.00 1969.10 0.00 0.00 145.81 0.00 0.00 0.00 0.00 0.00 0.00 0.00 0.00 0.00 0.00
3 1996 21767.47 0.00 0.00 0.00 1969.10 0.00 0.00 145.81 0.00 0.00 0.00 0.00 0.00 0.00 0.00 0.00 0.00 0.00
4 1996 23534.12 0.00 0.00 0.00 1969.10 0.00 0.00 145.81 0.00 0.00 0.00 0.00 0.00 0.00 0.00 0.00 0.00 0.00
5 1996 24872.26 0.00 0.00 0.00 1969.10 0.00 0.00 145.81 0.00 0.00 0.00 0.00 0.00 0.00 0.00 0.00 0.00 0.00
6 1996 24657.24 0.00 0.00 0.00 1969.10 0.00 0.00 145.81 0.00 0.00 0.00 0.00 0.00 0.00 0.00 0.00 0.00 0.00
7 1996 22227.77 0.00 0.00 0.00 1969.10 0.00 0.00 145.81 0.00 0.00 0.00 0.00 0.00 0.00 0.00 0.00 0.00 0.00
8 1996 25502.15 0.00 0.00 0.00 1969.10 0.00 0.00 145.81 0.00 0.00 0.00 0.00 0.00 0.00 0.00 0.00 0.00 0.00
9 1996 18669.50 0.00 0.00 0.00 1969.10 0.00 0.00 145.81 0.00 0.00 0.00 0.00 0.00 0.00 0.00 0.00 0.00 0.00
10 1996 19653.70 0.00 0.00 0.00 1969.10 0.00 0.00 145.81 0.00 0.00 0.00 0.00 0.00 0.00 0.00 0.00 0.00 0.00
11 1996 18665.71 0.00 0.00 0.00 1969.10 0.00 0.00 145.81 0.00 0.00 0.00 0.00 0.00 0.00 0.00 0.00 0.00 0.00
12 1996 13044.39 0.00 0.00 0.00 1969.10 0.00 0.00 145.81 0.00 0.00 0.00 0.00 0.00 0.00 0.00 0.00 0.00 0.00
1 1997 15966.72 0.00 0.00 0.00 1969.10 0.00 0.00 145.81 0.00 0.00 0.00 0.00 0.00 0.00 0.00 0.00 0.00 0.00
2 1997 21171.65 0.00 0.00 0.00 1969.10 0.00 0.00 145.81 0.00 0.00 0.00 0.00 0.00 0.00 0.00 0.00 0.00 0.00
3 1997 27277.50 0.00 0.00 0.00 1969.10 0.00 0.00 145.81 0.00 0.00 0.00 0.00 0.00 0.00 0.00 0.00 0.00 0.00
4 1997 22061.22 0.00 0.00 0.00 1969.10 0.00 0.00 145.81 0.00 0.00 0.00 0.00 0.00 0.00 0.00 0.00 0.00 0.00
5 1997 22284.55 0.00 0.00 0.00 1969.10 0.00 0.00 145.81 0.00 0.00 0.00 0.00 0.00 0.00 0.00 0.00 0.00 0.00
6 1997 21618.32 0.00 0.00 0.00 1969.10 0.00 0.00 145.81 0.00 0.00 0.00 0.00 0.00 0.00 0.00 0.00 0.00 0.00
7 1997 21932.51 0.00 0.00 0.00 1969.10 0.00 0.00 145.81 0.00 0.00 0.00 0.00 0.00 0.00 0.00 0.00 0.00 0.00
8 1997 17140.20 0.00 0.00 0.00 1969.10 0.00 0.00 145.81 0.00 0.00 0.00 0.00 0.00 0.00 0.00 0.00 0.00 0.00
9 1997 15868.30 0.00 0.00 0.00 1969.10 0.00 0.00 145.81 0.00 0.00 0.00 0.00 0.00 0.00 0.00 0.00 0.00 0.00
10 1997 14346.57 0.00 0.00 0.00 1969.10 0.00 0.00 145.81 0.00 0.00 0.00 0.00 0.00 0.00 0.00 0.00 0.00 0.00
11 1997 16962.28 0.00 0.00 0.00 1969.10 0.00 0.00 145.81 0.00 0.00 0.00 0.00 0.00 0.00 0.00 0.00 0.00 0.00
12 1997 12915.69 0.00 0.00 0.00 1969.10 0.00 0.00 145.81 0.00 0.00 0.00 0.00 0.00 0.00 0.00 0.00 0.00 0.00
1 1998 15202.07 0.00 0.00 0.00 1969.10 0.00 0.00 145.81 0.00 0.00 0.00 0.00 0.00 0.00 0.00 0.00 0.00 0.00
2 1998 16515.61 0.00 0.00 0.00 1969.10 0.00 0.00 145.81 0.00 0.00 0.00 0.00 0.00 0.00 0.00 0.00 0.00 0.00
3 1998 24446.02 0.00 0.00 0.00 1969.10 0.00 0.00 145.81 0.00 0.00 0.00 0.00 0.00 0.00 0.00 0.00 0.00 0.00
4 1998 30472.38 0.00 0.00 0.00 1969.10 0.00 0.00 145.81 0.00 0.00 0.00 0.00 0.00 0.00 0.00 0.00 0.00 0.00
5 1998 23643.51 0.00 0.00 0.00 1969.10 0.00 0.00 145.81 0.00 0.00 0.00 0.00 0.00 0.00 0.00 0.00 0.00 0.00
6 1998 29105.85 0.00 0.00 0.00 1969.10 0.00 0.00 145.81 0.00 0.00 0.00 0.00 0.00 0.00 0.00 0.00 0.00 0.00
7 1998 22538.18 0.00 0.00 0.00 1969.10 0.00 0.00 145.81 0.00 0.00 0.00 0.00 0.00 0.00 0.00 0.00 0.00 0.00
8 1998 19945.18 0.00 0.00 0.00 1969.10 0.00 0.00 145.81 0.00 0.00 0.00 0.00 0.00 0.00 0.00 0.00 0.00 0.00
9 1998 16977.43 0.00 0.00 0.00 1969.10 0.00 0.00 145.81 0.00 0.00 0.00 0.00 0.00 0.00 0.00 0.00 0.00 0.00
10 1998 16595.10 0.00 0.00 0.00 1969.10 0.00 0.00 145.81 0.00 0.00 0.00 0.00 0.00 0.00 0.00 0.00 0.00 0.00
11 1998 19051.82 0.00 0.00 0.00 1969.10 0.00 0.00 145.81 0.00 0.00 0.00 0.00 0.00 0.00 0.00 0.00 0.00 0.00
12 1998 17189.41 0.00 0.00 0.00 1969.10 0.00 0.00 145.81 0.00 0.00 0.00 0.00 0.00 0.00 0.00 0.00 0.00 0.00
1 1999 13373.72 0.00 0.00 0.00 1969.10 0.00 0.00 145.81 0.00 0.00 0.00 0.00 0.00 0.00 0.00 0.00 0.00 0.00
2 1999 16863.86 0.00 0.00 0.00 1969.10 0.00 0.00 145.81 0.00 0.00 0.00 0.00 0.00 0.00 0.00 0.00 0.00 0.00
3 1999 20062.53 0.00 0.00 0.00 1969.10 0.00 0.00 145.81 0.00 0.00 0.00 0.00 0.00 0.00 0.00 0.00 0.00 0.00
4 1999 30824.42 0.00 0.00 0.00 1969.10 0.00 0.00 145.81 0.00 0.00 0.00 0.00 0.00 0.00 0.00 0.00 0.00 0.00
5 1999 24188.61 0.00 0.00 0.00 1969.10 0.00 0.00 145.81 0.00 0.00 0.00 0.00 0.00 0.00 0.00 0.00 0.00 0.00
6 1999 21349.56 0.00 0.00 0.00 1969.10 0.00 0.00 145.81 0.00 0.00 0.00 0.00 0.00 0.00 0.00 0.00 0.00 0.00
7 1999 20925.60 0.00 0.00 0.00 1969.10 0.00 0.00 145.81 0.00 0.00 0.00 0.00 0.00 0.00 0.00 0.00 0.00 0.00
8 1999 16398.26 0.00 0.00 0.00 1969.10 0.00 0.00 145.81 0.00 0.00 0.00 0.00 0.00 0.00 0.00 0.00 0.00 0.00
9 1999 18586.22 0.00 0.00 0.00 1969.10 0.00 0.00 145.81 0.00 0.00 0.00 0.00 0.00 0.00 0.00 0.00 0.00 0.00
10 1999 19596.92 0.00 0.00 0.00 1969.10 0.00 0.00 145.81 0.00 0.00 0.00 0.00 0.00 0.00 0.00 0.00 0.00 0.00
11 1999 17162.91 0.00 0.00 0.00 1969.10 0.00 0.00 145.81 0.00 0.00 0.00 0.00 0.00 0.00 0.00 0.00 0.00 0.00
12 1999 11416.67 0.00 0.00 0.00 1969.10 0.00 0.00 145.81 0.00 0.00 0.00 0.00 0.00 0.00 0.00 0.00 0.00 0.00
1 2000 10553.60 0.00 0.00 0.00 1969.10 0.00 0.00 145.81 0.00 0.00 0.00 0.00 0.00 0.00 0.00 0.00 0.00 0.00
2 2000 11935.27 0.00 0.00 0.00 1969.10 0.00 0.00 145.81 0.00 0.00 0.00 0.00 0.00 0.00 0.00 0.00 0.00 0.00
3 2000 23598.09 0.00 0.00 0.00 1969.10 0.00 0.00 145.81 0.00 0.00 0.00 0.00 0.00 0.00 0.00 0.00 0.00 0.00
4 2000 13778.76 0.00 0.00 0.00 1969.10 0.00 0.00 145.81 0.00 0.00 0.00 0.00 0.00 0.00 0.00 0.00 0.00 0.00
5 2000 17318.11 0.00 0.00 0.00 1969.10 0.00 0.00 145.81 0.00 0.00 0.00 0.00 0.00 0.00 0.00 0.00 0.00 0.00
6 2000 16674.59 0.00 0.00 0.00 1969.10 0.00 0.00 145.81 0.00 0.00 0.00 0.00 0.00 0.00 0.00 0.00 0.00 0.00
7 2000 14463.92 0.00 0.00 0.00 1969.10 0.00 0.00 145.81 0.00 0.00 0.00 0.00 0.00 0.00 0.00 0.00 0.00 0.00
8 2000 17439.24 0.00 0.00 0.00 1969.10 0.00 0.00 145.81 0.00 0.00 0.00 0.00 0.00 0.00 0.00 0.00 0.00 0.00
9 2000 13665.20 0.00 0.00 0.00 1969.10 0.00 0.00 145.81 0.00 0.00 0.00 0.00 0.00 0.00 0.00 0.00 0.00 0.00
10 2000 13415.36 0.00 0.00 0.00 1969.10 0.00 0.00 145.81 0.00 0.00 0.00 0.00 0.00 0.00 0.00 0.00 0.00 0.00
11 2000 14903.03 0.00 0.00 0.00 1969.10 0.00 0.00 145.81 0.00 0.00 0.00 0.00 0.00 0.00 0.00 0.00 0.00 0.00
12 2000 13846.90 0.00 0.00 0.00 1969.10 0.00 0.00 145.81 0.00 0.00 0.00 0.00 0.00 0.00 0.00 0.00 0.00 0.00
1 2001 14933.31 0.00 0.00 0.00 1969.10 0.00 0.00 145.81 0.00 0.00 0.00 0.00 0.00 0.00 0.00 0.00 0.00 0.00
2 2001 15141.51 0.00 0.00 0.00 1969.10 0.00 0.00 145.81 0.00 0.00 0.00 0.00 0.00 0.00 0.00 0.00 0.00 0.00
3 2001 18328.81 0.00 0.00 0.00 1969.10 0.00 0.00 145.81 0.00 0.00 0.00 0.00 0.00 0.00 0.00 0.00 0.00 0.00
4 2001 21663.75 0.00 0.00 0.00 1969.10 0.00 0.00 145.81 0.00 0.00 0.00 0.00 0.00 0.00 0.00 0.00 0.00 0.00
5 2001 22591.17 0.00 0.00 0.00 1969.10 0.00 0.00 145.81 0.00 0.00 0.00 0.00 0.00 0.00 0.00 0.00 0.00 0.00
6 2001 17753.43 0.00 0.00 0.00 1969.10 0.00 0.00 145.81 0.00 0.00 0.00 0.00 0.00 0.00 0.00 0.00 0.00 0.00
7 2001 14990.09 0.00 0.00 0.00 1969.10 0.00 0.00 145.81 0.00 0.00 0.00 0.00 0.00 0.00 0.00 0.00 0.00 0.00
8 2001 18294.74 0.00 0.00 0.00 1969.10 0.00 0.00 145.81 0.00 0.00 0.00 0.00 0.00 0.00 0.00 0.00 0.00 0.00
9 2001 16167.35 0.00 0.00 0.00 1969.10 0.00 0.00 145.81 0.00 0.00 0.00 0.00 0.00 0.00 0.00 0.00 0.00 0.00
10 2001 18711.14 0.00 0.00 0.00 1969.10 0.00 0.00 145.81 0.00 0.00 0.00 0.00 0.00 0.00 0.00 0.00 0.00 0.00
11 2001 17348.39 0.00 0.00 0.00 1969.10 0.00 0.00 145.81 0.00 0.00 0.00 0.00 0.00 0.00 0.00 0.00 0.00 0.00
12 2001 17764.79 0.00 0.00 0.00 1969.10 0.00 0.00 145.81 0.00 0.00 0.00 0.00 0.00 0.00 0.00 0.00 0.00 0.00
1 2002 17045.56 0.00 0.00 0.00 1969.10 0.00 0.00 145.81 0.00 0.00 0.00 0.00 0.00 0.00 0.00 0.00 0.00 0.00
2 2002 16969.85 0.00 0.00 0.00 1969.10 0.00 0.00 145.81 0.00 0.00 0.00 0.00 0.00 0.00 0.00 0.00 0.00 0.00
3 2002 12503.08 0.00 0.00 0.00 1969.10 0.00 0.00 145.81 0.00 0.00 0.00 0.00 0.00 0.00 0.00 0.00 0.00 0.00
4 2002 18067.62 0.00 0.00 0.00 1969.10 0.00 0.00 145.81 0.00 0.00 0.00 0.00 0.00 0.00 0.00 0.00 0.00 0.00
5 2002 20073.88 0.00 0.00 0.00 1969.10 0.00 0.00 145.81 0.00 0.00 0.00 0.00 0.00 0.00 0.00 0.00 0.00 0.00
6 2002 16288.48 0.00 0.00 0.00 1969.10 0.00 0.00 145.81 0.00 0.00 0.00 0.00 0.00 0.00 0.00 0.00 0.00 0.00
7 2002 15315.63 0.00 0.00 0.00 1969.10 0.00 0.00 145.81 0.00 0.00 0.00 0.00 0.00 0.00 0.00 0.00 0.00 0.00
8 2002 21588.04 0.00 0.00 0.00 1969.10 0.00 0.00 145.81 0.00 0.00 0.00 0.00 0.00 0.00 0.00 0.00 0.00 0.00
9 2002 18938.26 0.00 0.00 0.00 1969.10 0.00 0.00 145.81 0.00 0.00 0.00 0.00 0.00 0.00 0.00 0.00 0.00 0.00
10 2002 17424.10 0.00 0.00 0.00 1969.10 0.00 0.00 145.81 0.00 0.00 0.00 0.00 0.00 0.00 0.00 0.00 0.00 0.00
11 2002 14774.32 0.00 0.00 0.00 1969.10 0.00 0.00 145.81 0.00 0.00 0.00 0.00 0.00 0.00 0.00 0.00 0.00 0.00
12 2002 14524.49 0.00 0.00 0.00 1969.10 0.00 0.00 145.81 0.00 0.00 0.00 0.00 0.00 0.00 0.00 0.00 0.00 0.00
1 2003 13347.23 0.00 0.00 0.00 1969.10 0.00 0.00 145.81 0.00 0.00 0.00 0.00 0.00 0.00 0.00 0.00 0.00 0.00
2 2003 13767.41 0.00 0.00 0.00 1969.10 0.00 0.00 145.81 0.00 0.00 0.00 0.00 0.00 0.00 0.00 0.00 0.00 0.00
3 2003 16485.32 0.00 0.00 0.00 1969.10 0.00 0.00 145.81 0.00 0.00 0.00 0.00 0.00 0.00 0.00 0.00 0.00 0.00
4 2003 18779.28 0.00 0.00 0.00 1969.10 0.00 0.00 145.81 0.00 0.00 0.00 0.00 0.00 0.00 0.00 0.00 0.00 0.00
5 2003 24847.27 0.00 0.00 0.00 1969.10 0.00 0.00 145.81 0.00 0.00 0.00 0.00 0.00 0.00 0.00 0.00 0.00 0.00
6 2003 19808.90 0.00 0.00 0.00 1969.10 0.00 0.00 145.81 0.00 0.00 0.00 0.00 0.00 0.00 0.00 0.00 0.00 0.00
7 2003 28000.51 0.00 0.00 0.00 1969.10 0.00 0.00 145.81 0.00 0.00 0.00 0.00 0.00 0.00 0.00 0.00 0.00 0.00
8 2003 17068.27 0.00 0.00 0.00 1969.10 0.00 0.00 145.81 0.00 0.00 0.00 0.00 0.00 0.00 0.00 0.00 0.00 0.00
9 2003 14732.68 0.00 0.00 0.00 1969.10 0.00 0.00 145.81 0.00 0.00 0.00 0.00 0.00 0.00 0.00 0.00 0.00 0.00
10 2003 7033.18 0.00 0.00 0.00 1969.10 0.00 0.00 145.81 0.00 0.00 0.00 0.00 0.00 0.00 0.00 0.00 0.00 0.00
11 2003 18010.84 0.00 0.00 0.00 1969.10 0.00 0.00 145.81 0.00 0.00 0.00 0.00 0.00 0.00 0.00 0.00 0.00 0.00
12 2003 13585.71 0.00 0.00 0.00 1969.10 0.00 0.00 145.81 0.00 0.00 0.00 0.00 0.00 0.00 0.00 0.00 0.00 0.00
1 2004 13930.18 0.00 0.00 0.00 1969.10 0.00 0.00 145.81 0.00 0.00 0.00 0.00 0.00 0.00 0.00 0.00 0.00 0.00
2 2004 13513.78 0.00 0.00 0.00 1969.10 0.00 0.00 145.81 0.00 0.00 0.00 0.00 0.00 0.00 0.00 0.00 0.00 0.00
3 2004 23874.42 0.00 0.00 0.00 1969.10 0.00 0.00 145.81 0.00 0.00 0.00 0.00 0.00 0.00 0.00 0.00 0.00 0.00
4 2004 19562.85 0.00 0.00 0.00 1969.10 0.00 0.00 145.81 0.00 0.00 0.00 0.00 0.00 0.00 0.00 0.00 0.00 0.00
5 2004 18756.56 0.00 0.00 0.00 1969.10 0.00 0.00 145.81 0.00 0.00 0.00 0.00 0.00 0.00 0.00 0.00 0.00 0.00
6 2004 17019.06 0.00 0.00 0.00 1969.10 0.00 0.00 145.81 0.00 0.00 0.00 0.00 0.00 0.00 0.00 0.00 0.00 0.00
7 2004 18771.70 0.00 0.00 0.00 1969.10 0.00 0.00 145.81 0.00 0.00 0.00 0.00 0.00 0.00 0.00 0.00 0.00 0.00
8 2004 14751.61 0.00 0.00 0.00 1969.10 0.00 0.00 145.81 0.00 0.00 0.00 0.00 0.00 0.00 0.00 0.00 0.00 0.00
9 2004 20842.32 0.00 0.00 0.00 1969.10 0.00 0.00 145.81 0.00 0.00 0.00 0.00 0.00 0.00 0.00 0.00 0.00 0.00
10 2004 17620.94 0.00 0.00 0.00 1969.10 0.00 0.00 145.81 0.00 0.00 0.00 0.00 0.00 0.00 0.00 0.00 0.00 0.00
11 2004 19441.72 0.00 0.00 0.00 1969.10 0.00 0.00 145.81 0.00 0.00 0.00 0.00 0.00 0.00 0.00 0.00 0.00 0.00
12 2004 15171.79 0.00 0.00 0.00 1969.10 0.00 0.00 145.81 0.00 0.00 0.00 0.00 0.00 0.00 0.00 0.00 0.00 0.00
1 2005 15205.86 0.00 0.00 0.00 1969.10 0.00 0.00 145.81 0.00 0.00 0.00 0.00 0.00 0.00 0.00 0.00 0.00 0.00
2 2005 18949.62 0.00 0.00 0.00 1969.10 0.00 0.00 145.81 0.00 0.00 0.00 0.00 0.00 0.00 0.00 0.00 0.00 0.00
3 2005 16409.62 0.00 0.00 0.00 1969.10 0.00 0.00 145.81 0.00 0.00 0.00 0.00 0.00 0.00 0.00 0.00 0.00 0.00
4 2005 16254.41 0.00 0.00 0.00 1969.10 0.00 0.00 145.81 0.00 0.00 0.00 0.00 0.00 0.00 0.00 0.00 0.00 0.00
5 2005 21054.30 0.00 0.00 0.00 1969.10 0.00 0.00 145.81 0.00 0.00 0.00 0.00 0.00 0.00 0.00 0.00 0.00 0.00
6 2005 28344.98 0.00 0.00 0.00 1969.10 0.00 0.00 145.81 0.00 0.00 0.00 0.00 0.00 0.00 0.00 0.00 0.00 0.00
7 2005 23185.48 0.00 0.00 0.00 1969.10 0.00 0.00 145.81 0.00 0.00 0.00 0.00 0.00 0.00 0.00 0.00 0.00 0.00
8 2005 21470.69 0.00 0.00 0.00 1969.10 0.00 0.00 145.81 0.00 0.00 0.00 0.00 0.00 0.00 0.00 0.00 0.00 0.00
9 2005 16265.77 0.00 0.00 0.00 1969.10 0.00 0.00 145.81 0.00 0.00 0.00 0.00 0.00 0.00 0.00 0.00 0.00 0.00
10 2005 14448.78 0.00 0.00 0.00 1969.10 0.00 0.00 145.81 0.00 0.00 0.00 0.00 0.00 0.00 0.00 0.00 0.00 0.00
11 2005 19619.63 0.00 0.00 0.00 1969.10 0.00 0.00 145.81 0.00 0.00 0.00 0.00 0.00 0.00 0.00 0.00 0.00 0.00
12 2005 16409.62 0.00 0.00 0.00 1969.10 0.00 0.00 145.81 0.00 0.00 0.00 0.00 0.00 0.00 0.00 0.00 0.00 0.00
1 2006 15618.47 0.00 0.00 0.00 1969.10 0.00 0.00 145.81 0.00 0.00 0.00 0.00 0.00 0.00 0.00 0.00 0.00 0.00
2 2006 15697.96 0.00 0.00 0.00 1969.10 0.00 0.00 145.81 0.00 0.00 0.00 0.00 0.00 0.00 0.00 0.00 0.00 0.00
3 2006 26429.57 0.00 0.00 0.00 1969.10 0.00 0.00 145.81 0.00 0.00 0.00 0.00 0.00 0.00 0.00 0.00 0.00 0.00
4 2006 26857.32 0.00 0.00 0.00 1969.10 0.00 0.00 145.81 0.00 0.00 0.00 0.00 0.00 0.00 0.00 0.00 0.00 0.00
5 2006 25074.39 0.00 0.00 0.00 1969.10 0.00 0.00 145.81 0.00 0.00 0.00 0.00 0.00 0.00 0.00 0.00 0.00 0.00
6 2006 15414.05 0.00 0.00 0.00 1969.10 0.00 0.00 145.81 0.00 0.00 0.00 0.00 0.00 0.00 0.00 0.00 0.00 0.00
7 2006 15292.92 0.00 0.00 0.00 1969.10 0.00 0.00 145.81 0.00 0.00 0.00 0.00 0.00 0.00 0.00 0.00 0.00 0.00
8 2006 17420.32 0.00 0.00 0.00 1969.10 0.00 0.00 145.81 0.00 0.00 0.00 0.00 0.00 0.00 0.00 0.00 0.00 0.00
9 2006 11.26 0.00 0.00 0.00 0.52 0.00 0.00 0.00 0.00 0.00 0.00 0.00 0.00 0.00 0.00 0.00 0.00 0.00
10 2006 11.26 0.00 0.00 0.00 0.52 0.00 0.00 0.00 0.00 0.00 0.00 0.00 0.00 0.00 0.00 0.00 0.00 0.00
11 2006 11.26 0.00 0.00 0.00 0.52 0.00 0.00 0.00 0.00 0.00 0.00 0.00 0.00 0.00 0.00 0.00 0.00 0.00
12 2006 11.26 0.00 0.00 0.00 0.52 0.00 0.00 0.00 0.00 0.00 0.00 0.00 0.00 0.00 0.00 0.00 0.00 0.00
