Written by i_SWAT





1 1983 619.34 0.00 0.00 0.00 15.85 0.00 0.00 1.16 0.00 0.00 0.00 0.00 0.00 0.00 0.00 0.00 0.00 0.00
2 1983 823.41 0.00 0.00 0.00 15.85 0.00 0.00 1.16 0.00 0.00 0.00 0.00 0.00 0.00 0.00 0.00 0.00 0.00
3 1983 1164.09 0.00 0.00 0.00 15.85 0.00 0.00 1.16 0.00 0.00 0.00 0.00 0.00 0.00 0.00 0.00 0.00 0.00
4 1983 1231.20 0.00 0.00 0.00 15.85 0.00 0.00 1.16 0.00 0.00 0.00 0.00 0.00 0.00 0.00 0.00 0.00 0.00
5 1983 1198.85 0.00 0.00 0.00 15.85 0.00 0.00 1.16 0.00 0.00 0.00 0.00 0.00 0.00 0.00 0.00 0.00 0.00
6 1983 1640.02 0.00 0.00 0.00 15.85 0.00 0.00 1.16 0.00 0.00 0.00 0.00 0.00 0.00 0.00 0.00 0.00 0.00
7 1983 1254.26 0.00 0.00 0.00 15.85 0.00 0.00 1.16 0.00 0.00 0.00 0.00 0.00 0.00 0.00 0.00 0.00 0.00
8 1983 1018.87 0.00 0.00 0.00 15.85 0.00 0.00 1.16 0.00 0.00 0.00 0.00 0.00 0.00 0.00 0.00 0.00 0.00
9 1983 854.38 0.00 0.00 0.00 15.85 0.00 0.00 1.16 0.00 0.00 0.00 0.00 0.00 0.00 0.00 0.00 0.00 0.00
10 1983 811.36 0.00 0.00 0.00 15.85 0.00 0.00 1.16 0.00 0.00 0.00 0.00 0.00 0.00 0.00 0.00 0.00 0.00
11 1983 770.76 0.00 0.00 0.00 15.85 0.00 0.00 1.16 0.00 0.00 0.00 0.00 0.00 0.00 0.00 0.00 0.00 0.00
12 1983 743.57 0.00 0.00 0.00 15.85 0.00 0.00 1.16 0.00 0.00 0.00 0.00 0.00 0.00 0.00 0.00 0.00 0.00
1 1984 619.34 0.00 0.00 0.00 15.85 0.00 0.00 1.16 0.00 0.00 0.00 0.00 0.00 0.00 0.00 0.00 0.00 0.00
2 1984 823.41 0.00 0.00 0.00 15.85 0.00 0.00 1.16 0.00 0.00 0.00 0.00 0.00 0.00 0.00 0.00 0.00 0.00
3 1984 1164.09 0.00 0.00 0.00 15.85 0.00 0.00 1.16 0.00 0.00 0.00 0.00 0.00 0.00 0.00 0.00 0.00 0.00
4 1984 1231.20 0.00 0.00 0.00 15.85 0.00 0.00 1.16 0.00 0.00 0.00 0.00 0.00 0.00 0.00 0.00 0.00 0.00
5 1984 1198.85 0.00 0.00 0.00 15.85 0.00 0.00 1.16 0.00 0.00 0.00 0.00 0.00 0.00 0.00 0.00 0.00 0.00
6 1984 1640.02 0.00 0.00 0.00 15.85 0.00 0.00 1.16 0.00 0.00 0.00 0.00 0.00 0.00 0.00 0.00 0.00 0.00
7 1984 1254.26 0.00 0.00 0.00 15.85 0.00 0.00 1.16 0.00 0.00 0.00 0.00 0.00 0.00 0.00 0.00 0.00 0.00
8 1984 1018.87 0.00 0.00 0.00 15.85 0.00 0.00 1.16 0.00 0.00 0.00 0.00 0.00 0.00 0.00 0.00 0.00 0.00
9 1984 854.38 0.00 0.00 0.00 15.85 0.00 0.00 1.16 0.00 0.00 0.00 0.00 0.00 0.00 0.00 0.00 0.00 0.00
10 1984 811.36 0.00 0.00 0.00 15.85 0.00 0.00 1.16 0.00 0.00 0.00 0.00 0.00 0.00 0.00 0.00 0.00 0.00
11 1984 770.76 0.00 0.00 0.00 15.85 0.00 0.00 1.16 0.00 0.00 0.00 0.00 0.00 0.00 0.00 0.00 0.00 0.00
12 1984 743.57 0.00 0.00 0.00 15.85 0.00 0.00 1.16 0.00 0.00 0.00 0.00 0.00 0.00 0.00 0.00 0.00 0.00
1 1985 619.34 0.00 0.00 0.00 15.85 0.00 0.00 1.16 0.00 0.00 0.00 0.00 0.00 0.00 0.00 0.00 0.00 0.00
2 1985 823.41 0.00 0.00 0.00 15.85 0.00 0.00 1.16 0.00 0.00 0.00 0.00 0.00 0.00 0.00 0.00 0.00 0.00
3 1985 1164.09 0.00 0.00 0.00 15.85 0.00 0.00 1.16 0.00 0.00 0.00 0.00 0.00 0.00 0.00 0.00 0.00 0.00
4 1985 1231.20 0.00 0.00 0.00 15.85 0.00 0.00 1.16 0.00 0.00 0.00 0.00 0.00 0.00 0.00 0.00 0.00 0.00
5 1985 1198.85 0.00 0.00 0.00 15.85 0.00 0.00 1.16 0.00 0.00 0.00 0.00 0.00 0.00 0.00 0.00 0.00 0.00
6 1985 1640.02 0.00 0.00 0.00 15.85 0.00 0.00 1.16 0.00 0.00 0.00 0.00 0.00 0.00 0.00 0.00 0.00 0.00
7 1985 1254.26 0.00 0.00 0.00 15.85 0.00 0.00 1.16 0.00 0.00 0.00 0.00 0.00 0.00 0.00 0.00 0.00 0.00
8 1985 1018.87 0.00 0.00 0.00 15.85 0.00 0.00 1.16 0.00 0.00 0.00 0.00 0.00 0.00 0.00 0.00 0.00 0.00
9 1985 854.38 0.00 0.00 0.00 15.85 0.00 0.00 1.16 0.00 0.00 0.00 0.00 0.00 0.00 0.00 0.00 0.00 0.00
10 1985 811.36 0.00 0.00 0.00 15.85 0.00 0.00 1.16 0.00 0.00 0.00 0.00 0.00 0.00 0.00 0.00 0.00 0.00
11 1985 770.76 0.00 0.00 0.00 15.85 0.00 0.00 1.16 0.00 0.00 0.00 0.00 0.00 0.00 0.00 0.00 0.00 0.00
12 1985 743.57 0.00 0.00 0.00 15.85 0.00 0.00 1.16 0.00 0.00 0.00 0.00 0.00 0.00 0.00 0.00 0.00 0.00
1 1986 619.34 0.00 0.00 0.00 15.85 0.00 0.00 1.16 0.00 0.00 0.00 0.00 0.00 0.00 0.00 0.00 0.00 0.00
2 1986 823.41 0.00 0.00 0.00 15.85 0.00 0.00 1.16 0.00 0.00 0.00 0.00 0.00 0.00 0.00 0.00 0.00 0.00
3 1986 1164.09 0.00 0.00 0.00 15.85 0.00 0.00 1.16 0.00 0.00 0.00 0.00 0.00 0.00 0.00 0.00 0.00 0.00
4 1986 1231.20 0.00 0.00 0.00 15.85 0.00 0.00 1.16 0.00 0.00 0.00 0.00 0.00 0.00 0.00 0.00 0.00 0.00
5 1986 1198.85 0.00 0.00 0.00 15.85 0.00 0.00 1.16 0.00 0.00 0.00 0.00 0.00 0.00 0.00 0.00 0.00 0.00
6 1986 1640.02 0.00 0.00 0.00 15.85 0.00 0.00 1.16 0.00 0.00 0.00 0.00 0.00 0.00 0.00 0.00 0.00 0.00
7 1986 1254.26 0.00 0.00 0.00 15.85 0.00 0.00 1.16 0.00 0.00 0.00 0.00 0.00 0.00 0.00 0.00 0.00 0.00
8 1986 1018.87 0.00 0.00 0.00 15.85 0.00 0.00 1.16 0.00 0.00 0.00 0.00 0.00 0.00 0.00 0.00 0.00 0.00
9 1986 854.38 0.00 0.00 0.00 15.85 0.00 0.00 1.16 0.00 0.00 0.00 0.00 0.00 0.00 0.00 0.00 0.00 0.00
10 1986 811.36 0.00 0.00 0.00 15.85 0.00 0.00 1.16 0.00 0.00 0.00 0.00 0.00 0.00 0.00 0.00 0.00 0.00
11 1986 770.76 0.00 0.00 0.00 15.85 0.00 0.00 1.16 0.00 0.00 0.00 0.00 0.00 0.00 0.00 0.00 0.00 0.00
12 1986 743.57 0.00 0.00 0.00 15.85 0.00 0.00 1.16 0.00 0.00 0.00 0.00 0.00 0.00 0.00 0.00 0.00 0.00
1 1987 619.34 0.00 0.00 0.00 15.85 0.00 0.00 1.16 0.00 0.00 0.00 0.00 0.00 0.00 0.00 0.00 0.00 0.00
2 1987 823.41 0.00 0.00 0.00 15.85 0.00 0.00 1.16 0.00 0.00 0.00 0.00 0.00 0.00 0.00 0.00 0.00 0.00
3 1987 1164.09 0.00 0.00 0.00 15.85 0.00 0.00 1.16 0.00 0.00 0.00 0.00 0.00 0.00 0.00 0.00 0.00 0.00
4 1987 1231.20 0.00 0.00 0.00 15.85 0.00 0.00 1.16 0.00 0.00 0.00 0.00 0.00 0.00 0.00 0.00 0.00 0.00
5 1987 1198.85 0.00 0.00 0.00 15.85 0.00 0.00 1.16 0.00 0.00 0.00 0.00 0.00 0.00 0.00 0.00 0.00 0.00
6 1987 1640.02 0.00 0.00 0.00 15.85 0.00 0.00 1.16 0.00 0.00 0.00 0.00 0.00 0.00 0.00 0.00 0.00 0.00
7 1987 1254.26 0.00 0.00 0.00 15.85 0.00 0.00 1.16 0.00 0.00 0.00 0.00 0.00 0.00 0.00 0.00 0.00 0.00
8 1987 1018.87 0.00 0.00 0.00 15.85 0.00 0.00 1.16 0.00 0.00 0.00 0.00 0.00 0.00 0.00 0.00 0.00 0.00
9 1987 854.38 0.00 0.00 0.00 15.85 0.00 0.00 1.16 0.00 0.00 0.00 0.00 0.00 0.00 0.00 0.00 0.00 0.00
10 1987 811.36 0.00 0.00 0.00 15.85 0.00 0.00 1.16 0.00 0.00 0.00 0.00 0.00 0.00 0.00 0.00 0.00 0.00
11 1987 770.76 0.00 0.00 0.00 15.85 0.00 0.00 1.16 0.00 0.00 0.00 0.00 0.00 0.00 0.00 0.00 0.00 0.00
12 1987 743.57 0.00 0.00 0.00 15.85 0.00 0.00 1.16 0.00 0.00 0.00 0.00 0.00 0.00 0.00 0.00 0.00 0.00
1 1988 619.34 0.00 0.00 0.00 15.85 0.00 0.00 1.16 0.00 0.00 0.00 0.00 0.00 0.00 0.00 0.00 0.00 0.00
2 1988 823.41 0.00 0.00 0.00 15.85 0.00 0.00 1.16 0.00 0.00 0.00 0.00 0.00 0.00 0.00 0.00 0.00 0.00
3 1988 1164.09 0.00 0.00 0.00 15.85 0.00 0.00 1.16 0.00 0.00 0.00 0.00 0.00 0.00 0.00 0.00 0.00 0.00
4 1988 1231.20 0.00 0.00 0.00 15.85 0.00 0.00 1.16 0.00 0.00 0.00 0.00 0.00 0.00 0.00 0.00 0.00 0.00
5 1988 1198.85 0.00 0.00 0.00 15.85 0.00 0.00 1.16 0.00 0.00 0.00 0.00 0.00 0.00 0.00 0.00 0.00 0.00
6 1988 1640.02 0.00 0.00 0.00 15.85 0.00 0.00 1.16 0.00 0.00 0.00 0.00 0.00 0.00 0.00 0.00 0.00 0.00
7 1988 1254.26 0.00 0.00 0.00 15.85 0.00 0.00 1.16 0.00 0.00 0.00 0.00 0.00 0.00 0.00 0.00 0.00 0.00
8 1988 1018.87 0.00 0.00 0.00 15.85 0.00 0.00 1.16 0.00 0.00 0.00 0.00 0.00 0.00 0.00 0.00 0.00 0.00
9 1988 854.38 0.00 0.00 0.00 15.85 0.00 0.00 1.16 0.00 0.00 0.00 0.00 0.00 0.00 0.00 0.00 0.00 0.00
10 1988 811.36 0.00 0.00 0.00 15.85 0.00 0.00 1.16 0.00 0.00 0.00 0.00 0.00 0.00 0.00 0.00 0.00 0.00
11 1988 770.76 0.00 0.00 0.00 15.85 0.00 0.00 1.16 0.00 0.00 0.00 0.00 0.00 0.00 0.00 0.00 0.00 0.00
12 1988 743.57 0.00 0.00 0.00 15.85 0.00 0.00 1.16 0.00 0.00 0.00 0.00 0.00 0.00 0.00 0.00 0.00 0.00
1 1989 619.34 0.00 0.00 0.00 15.85 0.00 0.00 1.16 0.00 0.00 0.00 0.00 0.00 0.00 0.00 0.00 0.00 0.00
2 1989 823.41 0.00 0.00 0.00 15.85 0.00 0.00 1.16 0.00 0.00 0.00 0.00 0.00 0.00 0.00 0.00 0.00 0.00
3 1989 1164.09 0.00 0.00 0.00 15.85 0.00 0.00 1.16 0.00 0.00 0.00 0.00 0.00 0.00 0.00 0.00 0.00 0.00
4 1989 1231.20 0.00 0.00 0.00 15.85 0.00 0.00 1.16 0.00 0.00 0.00 0.00 0.00 0.00 0.00 0.00 0.00 0.00
5 1989 1198.85 0.00 0.00 0.00 15.85 0.00 0.00 1.16 0.00 0.00 0.00 0.00 0.00 0.00 0.00 0.00 0.00 0.00
6 1989 1640.02 0.00 0.00 0.00 15.85 0.00 0.00 1.16 0.00 0.00 0.00 0.00 0.00 0.00 0.00 0.00 0.00 0.00
7 1989 1254.26 0.00 0.00 0.00 15.85 0.00 0.00 1.16 0.00 0.00 0.00 0.00 0.00 0.00 0.00 0.00 0.00 0.00
8 1989 1018.87 0.00 0.00 0.00 15.85 0.00 0.00 1.16 0.00 0.00 0.00 0.00 0.00 0.00 0.00 0.00 0.00 0.00
9 1989 854.38 0.00 0.00 0.00 15.85 0.00 0.00 1.16 0.00 0.00 0.00 0.00 0.00 0.00 0.00 0.00 0.00 0.00
10 1989 811.36 0.00 0.00 0.00 15.85 0.00 0.00 1.16 0.00 0.00 0.00 0.00 0.00 0.00 0.00 0.00 0.00 0.00
11 1989 770.76 0.00 0.00 0.00 15.85 0.00 0.00 1.16 0.00 0.00 0.00 0.00 0.00 0.00 0.00 0.00 0.00 0.00
12 1989 743.57 0.00 0.00 0.00 15.85 0.00 0.00 1.16 0.00 0.00 0.00 0.00 0.00 0.00 0.00 0.00 0.00 0.00
1 1990 619.34 0.00 0.00 0.00 15.85 0.00 0.00 1.16 0.00 0.00 0.00 0.00 0.00 0.00 0.00 0.00 0.00 0.00
2 1990 823.41 0.00 0.00 0.00 15.85 0.00 0.00 1.16 0.00 0.00 0.00 0.00 0.00 0.00 0.00 0.00 0.00 0.00
3 1990 1164.09 0.00 0.00 0.00 15.85 0.00 0.00 1.16 0.00 0.00 0.00 0.00 0.00 0.00 0.00 0.00 0.00 0.00
4 1990 1231.20 0.00 0.00 0.00 15.85 0.00 0.00 1.16 0.00 0.00 0.00 0.00 0.00 0.00 0.00 0.00 0.00 0.00
5 1990 1198.85 0.00 0.00 0.00 15.85 0.00 0.00 1.16 0.00 0.00 0.00 0.00 0.00 0.00 0.00 0.00 0.00 0.00
6 1990 1640.02 0.00 0.00 0.00 15.85 0.00 0.00 1.16 0.00 0.00 0.00 0.00 0.00 0.00 0.00 0.00 0.00 0.00
7 1990 1254.26 0.00 0.00 0.00 15.85 0.00 0.00 1.16 0.00 0.00 0.00 0.00 0.00 0.00 0.00 0.00 0.00 0.00
8 1990 1018.87 0.00 0.00 0.00 15.85 0.00 0.00 1.16 0.00 0.00 0.00 0.00 0.00 0.00 0.00 0.00 0.00 0.00
9 1990 854.38 0.00 0.00 0.00 15.85 0.00 0.00 1.16 0.00 0.00 0.00 0.00 0.00 0.00 0.00 0.00 0.00 0.00
10 1990 811.36 0.00 0.00 0.00 15.85 0.00 0.00 1.16 0.00 0.00 0.00 0.00 0.00 0.00 0.00 0.00 0.00 0.00
11 1990 770.76 0.00 0.00 0.00 15.85 0.00 0.00 1.16 0.00 0.00 0.00 0.00 0.00 0.00 0.00 0.00 0.00 0.00
12 1990 743.57 0.00 0.00 0.00 15.85 0.00 0.00 1.16 0.00 0.00 0.00 0.00 0.00 0.00 0.00 0.00 0.00 0.00
1 1991 619.34 0.00 0.00 0.00 15.85 0.00 0.00 1.16 0.00 0.00 0.00 0.00 0.00 0.00 0.00 0.00 0.00 0.00
2 1991 823.41 0.00 0.00 0.00 15.85 0.00 0.00 1.16 0.00 0.00 0.00 0.00 0.00 0.00 0.00 0.00 0.00 0.00
3 1991 1164.09 0.00 0.00 0.00 15.85 0.00 0.00 1.16 0.00 0.00 0.00 0.00 0.00 0.00 0.00 0.00 0.00 0.00
4 1991 1231.20 0.00 0.00 0.00 15.85 0.00 0.00 1.16 0.00 0.00 0.00 0.00 0.00 0.00 0.00 0.00 0.00 0.00
5 1991 1198.85 0.00 0.00 0.00 15.85 0.00 0.00 1.16 0.00 0.00 0.00 0.00 0.00 0.00 0.00 0.00 0.00 0.00
6 1991 1640.02 0.00 0.00 0.00 15.85 0.00 0.00 1.16 0.00 0.00 0.00 0.00 0.00 0.00 0.00 0.00 0.00 0.00
7 1991 1254.26 0.00 0.00 0.00 15.85 0.00 0.00 1.16 0.00 0.00 0.00 0.00 0.00 0.00 0.00 0.00 0.00 0.00
8 1991 1018.87 0.00 0.00 0.00 15.85 0.00 0.00 1.16 0.00 0.00 0.00 0.00 0.00 0.00 0.00 0.00 0.00 0.00
9 1991 854.38 0.00 0.00 0.00 15.85 0.00 0.00 1.16 0.00 0.00 0.00 0.00 0.00 0.00 0.00 0.00 0.00 0.00
10 1991 811.36 0.00 0.00 0.00 15.85 0.00 0.00 1.16 0.00 0.00 0.00 0.00 0.00 0.00 0.00 0.00 0.00 0.00
11 1991 770.76 0.00 0.00 0.00 15.85 0.00 0.00 1.16 0.00 0.00 0.00 0.00 0.00 0.00 0.00 0.00 0.00 0.00
12 1991 743.57 0.00 0.00 0.00 15.85 0.00 0.00 1.16 0.00 0.00 0.00 0.00 0.00 0.00 0.00 0.00 0.00 0.00
1 1992 619.34 0.00 0.00 0.00 15.85 0.00 0.00 1.16 0.00 0.00 0.00 0.00 0.00 0.00 0.00 0.00 0.00 0.00
2 1992 823.41 0.00 0.00 0.00 15.85 0.00 0.00 1.16 0.00 0.00 0.00 0.00 0.00 0.00 0.00 0.00 0.00 0.00
3 1992 1164.09 0.00 0.00 0.00 15.85 0.00 0.00 1.16 0.00 0.00 0.00 0.00 0.00 0.00 0.00 0.00 0.00 0.00
4 1992 1231.20 0.00 0.00 0.00 15.85 0.00 0.00 1.16 0.00 0.00 0.00 0.00 0.00 0.00 0.00 0.00 0.00 0.00
5 1992 1198.85 0.00 0.00 0.00 15.85 0.00 0.00 1.16 0.00 0.00 0.00 0.00 0.00 0.00 0.00 0.00 0.00 0.00
6 1992 1640.02 0.00 0.00 0.00 15.85 0.00 0.00 1.16 0.00 0.00 0.00 0.00 0.00 0.00 0.00 0.00 0.00 0.00
7 1992 1254.26 0.00 0.00 0.00 15.85 0.00 0.00 1.16 0.00 0.00 0.00 0.00 0.00 0.00 0.00 0.00 0.00 0.00
8 1992 1018.87 0.00 0.00 0.00 15.85 0.00 0.00 1.16 0.00 0.00 0.00 0.00 0.00 0.00 0.00 0.00 0.00 0.00
9 1992 854.38 0.00 0.00 0.00 15.85 0.00 0.00 1.16 0.00 0.00 0.00 0.00 0.00 0.00 0.00 0.00 0.00 0.00
10 1992 811.36 0.00 0.00 0.00 15.85 0.00 0.00 1.16 0.00 0.00 0.00 0.00 0.00 0.00 0.00 0.00 0.00 0.00
11 1992 770.76 0.00 0.00 0.00 15.85 0.00 0.00 1.16 0.00 0.00 0.00 0.00 0.00 0.00 0.00 0.00 0.00 0.00
12 1992 743.57 0.00 0.00 0.00 15.85 0.00 0.00 1.16 0.00 0.00 0.00 0.00 0.00 0.00 0.00 0.00 0.00 0.00
1 1993 619.34 0.00 0.00 0.00 15.85 0.00 0.00 1.16 0.00 0.00 0.00 0.00 0.00 0.00 0.00 0.00 0.00 0.00
2 1993 823.41 0.00 0.00 0.00 15.85 0.00 0.00 1.16 0.00 0.00 0.00 0.00 0.00 0.00 0.00 0.00 0.00 0.00
3 1993 1164.09 0.00 0.00 0.00 15.85 0.00 0.00 1.16 0.00 0.00 0.00 0.00 0.00 0.00 0.00 0.00 0.00 0.00
4 1993 1231.20 0.00 0.00 0.00 15.85 0.00 0.00 1.16 0.00 0.00 0.00 0.00 0.00 0.00 0.00 0.00 0.00 0.00
5 1993 1198.85 0.00 0.00 0.00 15.85 0.00 0.00 1.16 0.00 0.00 0.00 0.00 0.00 0.00 0.00 0.00 0.00 0.00
6 1993 1640.02 0.00 0.00 0.00 15.85 0.00 0.00 1.16 0.00 0.00 0.00 0.00 0.00 0.00 0.00 0.00 0.00 0.00
7 1993 1254.26 0.00 0.00 0.00 15.85 0.00 0.00 1.16 0.00 0.00 0.00 0.00 0.00 0.00 0.00 0.00 0.00 0.00
8 1993 1018.87 0.00 0.00 0.00 15.85 0.00 0.00 1.16 0.00 0.00 0.00 0.00 0.00 0.00 0.00 0.00 0.00 0.00
9 1993 854.38 0.00 0.00 0.00 15.85 0.00 0.00 1.16 0.00 0.00 0.00 0.00 0.00 0.00 0.00 0.00 0.00 0.00
10 1993 811.36 0.00 0.00 0.00 15.85 0.00 0.00 1.16 0.00 0.00 0.00 0.00 0.00 0.00 0.00 0.00 0.00 0.00
11 1993 770.76 0.00 0.00 0.00 15.85 0.00 0.00 1.16 0.00 0.00 0.00 0.00 0.00 0.00 0.00 0.00 0.00 0.00
12 1993 743.57 0.00 0.00 0.00 15.85 0.00 0.00 1.16 0.00 0.00 0.00 0.00 0.00 0.00 0.00 0.00 0.00 0.00
1 1994 619.34 0.00 0.00 0.00 15.85 0.00 0.00 1.16 0.00 0.00 0.00 0.00 0.00 0.00 0.00 0.00 0.00 0.00
2 1994 823.41 0.00 0.00 0.00 15.85 0.00 0.00 1.16 0.00 0.00 0.00 0.00 0.00 0.00 0.00 0.00 0.00 0.00
3 1994 1164.09 0.00 0.00 0.00 15.85 0.00 0.00 1.16 0.00 0.00 0.00 0.00 0.00 0.00 0.00 0.00 0.00 0.00
4 1994 1231.20 0.00 0.00 0.00 15.85 0.00 0.00 1.16 0.00 0.00 0.00 0.00 0.00 0.00 0.00 0.00 0.00 0.00
5 1994 1198.85 0.00 0.00 0.00 15.85 0.00 0.00 1.16 0.00 0.00 0.00 0.00 0.00 0.00 0.00 0.00 0.00 0.00
6 1994 1640.02 0.00 0.00 0.00 15.85 0.00 0.00 1.16 0.00 0.00 0.00 0.00 0.00 0.00 0.00 0.00 0.00 0.00
7 1994 1254.26 0.00 0.00 0.00 15.85 0.00 0.00 1.16 0.00 0.00 0.00 0.00 0.00 0.00 0.00 0.00 0.00 0.00
8 1994 1018.87 0.00 0.00 0.00 15.85 0.00 0.00 1.16 0.00 0.00 0.00 0.00 0.00 0.00 0.00 0.00 0.00 0.00
9 1994 854.38 0.00 0.00 0.00 15.85 0.00 0.00 1.16 0.00 0.00 0.00 0.00 0.00 0.00 0.00 0.00 0.00 0.00
10 1994 811.36 0.00 0.00 0.00 15.85 0.00 0.00 1.16 0.00 0.00 0.00 0.00 0.00 0.00 0.00 0.00 0.00 0.00
11 1994 770.76 0.00 0.00 0.00 15.85 0.00 0.00 1.16 0.00 0.00 0.00 0.00 0.00 0.00 0.00 0.00 0.00 0.00
12 1994 743.57 0.00 0.00 0.00 15.85 0.00 0.00 1.16 0.00 0.00 0.00 0.00 0.00 0.00 0.00 0.00 0.00 0.00
1 1995 619.34 0.00 0.00 0.00 15.85 0.00 0.00 1.16 0.00 0.00 0.00 0.00 0.00 0.00 0.00 0.00 0.00 0.00
2 1995 823.41 0.00 0.00 0.00 15.85 0.00 0.00 1.16 0.00 0.00 0.00 0.00 0.00 0.00 0.00 0.00 0.00 0.00
3 1995 1164.09 0.00 0.00 0.00 15.85 0.00 0.00 1.16 0.00 0.00 0.00 0.00 0.00 0.00 0.00 0.00 0.00 0.00
4 1995 1231.20 0.00 0.00 0.00 15.85 0.00 0.00 1.16 0.00 0.00 0.00 0.00 0.00 0.00 0.00 0.00 0.00 0.00
5 1995 1198.85 0.00 0.00 0.00 15.85 0.00 0.00 1.16 0.00 0.00 0.00 0.00 0.00 0.00 0.00 0.00 0.00 0.00
6 1995 1640.02 0.00 0.00 0.00 15.85 0.00 0.00 1.16 0.00 0.00 0.00 0.00 0.00 0.00 0.00 0.00 0.00 0.00
7 1995 1351.99 0.00 0.00 0.00 15.85 0.00 0.00 1.16 0.00 0.00 0.00 0.00 0.00 0.00 0.00 0.00 0.00 0.00
8 1995 935.59 0.00 0.00 0.00 15.85 0.00 0.00 1.16 0.00 0.00 0.00 0.00 0.00 0.00 0.00 0.00 0.00 0.00
9 1995 780.39 0.00 0.00 0.00 15.85 0.00 0.00 1.16 0.00 0.00 0.00 0.00 0.00 0.00 0.00 0.00 0.00 0.00
10 1995 856.10 0.00 0.00 0.00 15.85 0.00 0.00 1.16 0.00 0.00 0.00 0.00 0.00 0.00 0.00 0.00 0.00 0.00
11 1995 780.39 0.00 0.00 0.00 15.85 0.00 0.00 1.16 0.00 0.00 0.00 0.00 0.00 0.00 0.00 0.00 0.00 0.00
12 1995 689.54 0.00 0.00 0.00 15.85 0.00 0.00 1.16 0.00 0.00 0.00 0.00 0.00 0.00 0.00 0.00 0.00 0.00
1 1996 697.11 0.00 0.00 0.00 15.85 0.00 0.00 1.16 0.00 0.00 0.00 0.00 0.00 0.00 0.00 0.00 0.00 0.00
2 1996 742.54 0.00 0.00 0.00 15.85 0.00 0.00 1.16 0.00 0.00 0.00 0.00 0.00 0.00 0.00 0.00 0.00 0.00
3 1996 897.74 0.00 0.00 0.00 15.85 0.00 0.00 1.16 0.00 0.00 0.00 0.00 0.00 0.00 0.00 0.00 0.00 0.00
4 1996 825.82 0.00 0.00 0.00 15.85 0.00 0.00 1.16 0.00 0.00 0.00 0.00 0.00 0.00 0.00 0.00 0.00 0.00
5 1996 1177.86 0.00 0.00 0.00 15.85 0.00 0.00 1.16 0.00 0.00 0.00 0.00 0.00 0.00 0.00 0.00 0.00 0.00
6 1996 2616.31 0.00 0.00 0.00 15.85 0.00 0.00 1.16 0.00 0.00 0.00 0.00 0.00 0.00 0.00 0.00 0.00 0.00
7 1996 1140.01 0.00 0.00 0.00 15.85 0.00 0.00 1.16 0.00 0.00 0.00 0.00 0.00 0.00 0.00 0.00 0.00 0.00
8 1996 1041.58 0.00 0.00 0.00 15.85 0.00 0.00 1.16 0.00 0.00 0.00 0.00 0.00 0.00 0.00 0.00 0.00 0.00
9 1996 977.23 0.00 0.00 0.00 15.85 0.00 0.00 1.16 0.00 0.00 0.00 0.00 0.00 0.00 0.00 0.00 0.00 0.00
10 1996 1113.51 0.00 0.00 0.00 15.85 0.00 0.00 1.16 0.00 0.00 0.00 0.00 0.00 0.00 0.00 0.00 0.00 0.00
11 1996 1022.66 0.00 0.00 0.00 15.85 0.00 0.00 1.16 0.00 0.00 0.00 0.00 0.00 0.00 0.00 0.00 0.00 0.00
12 1996 875.03 0.00 0.00 0.00 15.85 0.00 0.00 1.16 0.00 0.00 0.00 0.00 0.00 0.00 0.00 0.00 0.00 0.00
1 1997 4.39 0.00 0.00 0.00 15.85 0.00 0.00 1.16 0.00 0.00 0.00 0.00 0.00 0.00 0.00 0.00 0.00 0.00
2 1997 893.95 0.00 0.00 0.00 15.85 0.00 0.00 1.16 0.00 0.00 0.00 0.00 0.00 0.00 0.00 0.00 0.00 0.00
3 1997 1143.79 0.00 0.00 0.00 15.85 0.00 0.00 1.16 0.00 0.00 0.00 0.00 0.00 0.00 0.00 0.00 0.00 0.00
4 1997 977.23 0.00 0.00 0.00 15.85 0.00 0.00 1.16 0.00 0.00 0.00 0.00 0.00 0.00 0.00 0.00 0.00 0.00
5 1997 1007.52 0.00 0.00 0.00 15.85 0.00 0.00 1.16 0.00 0.00 0.00 0.00 0.00 0.00 0.00 0.00 0.00 0.00
6 1997 1003.73 0.00 0.00 0.00 15.85 0.00 0.00 1.16 0.00 0.00 0.00 0.00 0.00 0.00 0.00 0.00 0.00 0.00
7 1997 1018.87 0.00 0.00 0.00 15.85 0.00 0.00 1.16 0.00 0.00 0.00 0.00 0.00 0.00 0.00 0.00 0.00 0.00
8 1997 814.46 0.00 0.00 0.00 15.85 0.00 0.00 1.16 0.00 0.00 0.00 0.00 0.00 0.00 0.00 0.00 0.00 0.00
9 1997 859.89 0.00 0.00 0.00 15.85 0.00 0.00 1.16 0.00 0.00 0.00 0.00 0.00 0.00 0.00 0.00 0.00 0.00
10 1997 708.47 0.00 0.00 0.00 15.85 0.00 0.00 1.16 0.00 0.00 0.00 0.00 0.00 0.00 0.00 0.00 0.00 0.00
11 1997 681.97 0.00 0.00 0.00 15.85 0.00 0.00 1.16 0.00 0.00 0.00 0.00 0.00 0.00 0.00 0.00 0.00 0.00
12 1997 776.61 0.00 0.00 0.00 15.85 0.00 0.00 1.16 0.00 0.00 0.00 0.00 0.00 0.00 0.00 0.00 0.00 0.00
1 1998 674.40 0.00 0.00 0.00 15.85 0.00 0.00 1.16 0.00 0.00 0.00 0.00 0.00 0.00 0.00 0.00 0.00 0.00
2 1998 848.53 0.00 0.00 0.00 15.85 0.00 0.00 1.16 0.00 0.00 0.00 0.00 0.00 0.00 0.00 0.00 0.00 0.00
3 1998 803.10 0.00 0.00 0.00 15.85 0.00 0.00 1.16 0.00 0.00 0.00 0.00 0.00 0.00 0.00 0.00 0.00 0.00
4 1998 1787.31 0.00 0.00 0.00 15.85 0.00 0.00 1.16 0.00 0.00 0.00 0.00 0.00 0.00 0.00 0.00 0.00 0.00
5 1998 1030.23 0.00 0.00 0.00 15.85 0.00 0.00 1.16 0.00 0.00 0.00 0.00 0.00 0.00 0.00 0.00 0.00 0.00
6 1998 2843.44 0.00 0.00 0.00 15.85 0.00 0.00 1.16 0.00 0.00 0.00 0.00 0.00 0.00 0.00 0.00 0.00 0.00
7 1998 1609.40 0.00 0.00 0.00 15.85 0.00 0.00 1.16 0.00 0.00 0.00 0.00 0.00 0.00 0.00 0.00 0.00 0.00
8 1998 1143.79 0.00 0.00 0.00 15.85 0.00 0.00 1.16 0.00 0.00 0.00 0.00 0.00 0.00 0.00 0.00 0.00 0.00
9 1998 969.66 0.00 0.00 0.00 15.85 0.00 0.00 1.16 0.00 0.00 0.00 0.00 0.00 0.00 0.00 0.00 0.00 0.00
10 1998 1102.15 0.00 0.00 0.00 15.85 0.00 0.00 1.16 0.00 0.00 0.00 0.00 0.00 0.00 0.00 0.00 0.00 0.00
11 1998 1079.44 0.00 0.00 0.00 15.85 0.00 0.00 1.16 0.00 0.00 0.00 0.00 0.00 0.00 0.00 0.00 0.00 0.00
12 1998 924.24 0.00 0.00 0.00 15.85 0.00 0.00 1.16 0.00 0.00 0.00 0.00 0.00 0.00 0.00 0.00 0.00 0.00
1 1999 791.75 0.00 0.00 0.00 15.85 0.00 0.00 1.16 0.00 0.00 0.00 0.00 0.00 0.00 0.00 0.00 0.00 0.00
2 1999 1015.09 0.00 0.00 0.00 15.85 0.00 0.00 1.16 0.00 0.00 0.00 0.00 0.00 0.00 0.00 0.00 0.00 0.00
3 1999 999.95 0.00 0.00 0.00 15.85 0.00 0.00 1.16 0.00 0.00 0.00 0.00 0.00 0.00 0.00 0.00 0.00 0.00
4 1999 2048.50 0.00 0.00 0.00 15.85 0.00 0.00 1.16 0.00 0.00 0.00 0.00 0.00 0.00 0.00 0.00 0.00 0.00
5 1999 4.39 0.00 0.00 0.00 15.85 0.00 0.00 1.16 0.00 0.00 0.00 0.00 0.00 0.00 0.00 0.00 0.00 0.00
6 1999 1620.75 0.00 0.00 0.00 15.85 0.00 0.00 1.16 0.00 0.00 0.00 0.00 0.00 0.00 0.00 0.00 0.00 0.00
7 1999 1355.77 0.00 0.00 0.00 15.85 0.00 0.00 1.16 0.00 0.00 0.00 0.00 0.00 0.00 0.00 0.00 0.00 0.00
8 1999 1227.07 0.00 0.00 0.00 15.85 0.00 0.00 1.16 0.00 0.00 0.00 0.00 0.00 0.00 0.00 0.00 0.00 0.00
9 1999 833.39 0.00 0.00 0.00 15.85 0.00 0.00 1.16 0.00 0.00 0.00 0.00 0.00 0.00 0.00 0.00 0.00 0.00
10 1999 822.03 0.00 0.00 0.00 15.85 0.00 0.00 1.16 0.00 0.00 0.00 0.00 0.00 0.00 0.00 0.00 0.00 0.00
11 1999 697.11 0.00 0.00 0.00 15.85 0.00 0.00 1.16 0.00 0.00 0.00 0.00 0.00 0.00 0.00 0.00 0.00 0.00
12 1999 716.04 0.00 0.00 0.00 15.85 0.00 0.00 1.16 0.00 0.00 0.00 0.00 0.00 0.00 0.00 0.00 0.00 0.00
1 2000 719.83 0.00 0.00 0.00 15.85 0.00 0.00 1.16 0.00 0.00 0.00 0.00 0.00 0.00 0.00 0.00 0.00 0.00
2 2000 776.61 0.00 0.00 0.00 15.85 0.00 0.00 1.16 0.00 0.00 0.00 0.00 0.00 0.00 0.00 0.00 0.00 0.00
3 2000 681.97 0.00 0.00 0.00 15.85 0.00 0.00 1.16 0.00 0.00 0.00 0.00 0.00 0.00 0.00 0.00 0.00 0.00
4 2000 795.53 0.00 0.00 0.00 15.85 0.00 0.00 1.16 0.00 0.00 0.00 0.00 0.00 0.00 0.00 0.00 0.00 0.00
5 2000 901.53 0.00 0.00 0.00 15.85 0.00 0.00 1.16 0.00 0.00 0.00 0.00 0.00 0.00 0.00 0.00 0.00 0.00
6 2000 882.60 0.00 0.00 0.00 15.85 0.00 0.00 1.16 0.00 0.00 0.00 0.00 0.00 0.00 0.00 0.00 0.00 0.00
7 2000 818.25 0.00 0.00 0.00 15.85 0.00 0.00 1.16 0.00 0.00 0.00 0.00 0.00 0.00 0.00 0.00 0.00 0.00
8 2000 704.68 0.00 0.00 0.00 15.85 0.00 0.00 1.16 0.00 0.00 0.00 0.00 0.00 0.00 0.00 0.00 0.00 0.00
9 2000 700.90 0.00 0.00 0.00 15.85 0.00 0.00 1.16 0.00 0.00 0.00 0.00 0.00 0.00 0.00 0.00 0.00 0.00
10 2000 515.41 0.00 0.00 0.00 15.85 0.00 0.00 1.16 0.00 0.00 0.00 0.00 0.00 0.00 0.00 0.00 0.00 0.00
11 2000 515.41 0.00 0.00 0.00 15.85 0.00 0.00 1.16 0.00 0.00 0.00 0.00 0.00 0.00 0.00 0.00 0.00 0.00
12 2000 477.56 0.00 0.00 0.00 15.85 0.00 0.00 1.16 0.00 0.00 0.00 0.00 0.00 0.00 0.00 0.00 0.00 0.00
1 2001 458.63 0.00 0.00 0.00 15.85 0.00 0.00 1.16 0.00 0.00 0.00 0.00 0.00 0.00 0.00 0.00 0.00 0.00
2 2001 477.56 0.00 0.00 0.00 15.85 0.00 0.00 1.16 0.00 0.00 0.00 0.00 0.00 0.00 0.00 0.00 0.00 0.00
3 2001 572.20 0.00 0.00 0.00 15.85 0.00 0.00 1.16 0.00 0.00 0.00 0.00 0.00 0.00 0.00 0.00 0.00 0.00
4 2001 610.05 0.00 0.00 0.00 15.85 0.00 0.00 1.16 0.00 0.00 0.00 0.00 0.00 0.00 0.00 0.00 0.00 0.00
5 2001 621.41 0.00 0.00 0.00 15.85 0.00 0.00 1.16 0.00 0.00 0.00 0.00 0.00 0.00 0.00 0.00 0.00 0.00
6 2001 598.69 0.00 0.00 0.00 15.85 0.00 0.00 1.16 0.00 0.00 0.00 0.00 0.00 0.00 0.00 0.00 0.00 0.00
7 2001 610.05 0.00 0.00 0.00 15.85 0.00 0.00 1.16 0.00 0.00 0.00 0.00 0.00 0.00 0.00 0.00 0.00 0.00
8 2001 655.47 0.00 0.00 0.00 15.85 0.00 0.00 1.16 0.00 0.00 0.00 0.00 0.00 0.00 0.00 0.00 0.00 0.00
9 2001 610.05 0.00 0.00 0.00 15.85 0.00 0.00 1.16 0.00 0.00 0.00 0.00 0.00 0.00 0.00 0.00 0.00 0.00
10 2001 504.06 0.00 0.00 0.00 15.85 0.00 0.00 1.16 0.00 0.00 0.00 0.00 0.00 0.00 0.00 0.00 0.00 0.00
11 2001 488.92 0.00 0.00 0.00 15.85 0.00 0.00 1.16 0.00 0.00 0.00 0.00 0.00 0.00 0.00 0.00 0.00 0.00
12 2001 837.17 0.00 0.00 0.00 15.85 0.00 0.00 1.16 0.00 0.00 0.00 0.00 0.00 0.00 0.00 0.00 0.00 0.00
1 2002 791.75 0.00 0.00 0.00 15.85 0.00 0.00 1.16 0.00 0.00 0.00 0.00 0.00 0.00 0.00 0.00 0.00 0.00
2 2002 791.75 0.00 0.00 0.00 15.85 0.00 0.00 1.16 0.00 0.00 0.00 0.00 0.00 0.00 0.00 0.00 0.00 0.00
3 2002 844.74 0.00 0.00 0.00 15.85 0.00 0.00 1.16 0.00 0.00 0.00 0.00 0.00 0.00 0.00 0.00 0.00 0.00
4 2002 1268.71 0.00 0.00 0.00 15.85 0.00 0.00 1.16 0.00 0.00 0.00 0.00 0.00 0.00 0.00 0.00 0.00 0.00
5 2002 1545.04 0.00 0.00 0.00 15.85 0.00 0.00 1.16 0.00 0.00 0.00 0.00 0.00 0.00 0.00 0.00 0.00 0.00
6 2002 1215.71 0.00 0.00 0.00 15.85 0.00 0.00 1.16 0.00 0.00 0.00 0.00 0.00 0.00 0.00 0.00 0.00 0.00
7 2002 1147.58 0.00 0.00 0.00 15.85 0.00 0.00 1.16 0.00 0.00 0.00 0.00 0.00 0.00 0.00 0.00 0.00 0.00
8 2002 1321.70 0.00 0.00 0.00 15.85 0.00 0.00 1.16 0.00 0.00 0.00 0.00 0.00 0.00 0.00 0.00 0.00 0.00
9 2002 988.59 0.00 0.00 0.00 15.85 0.00 0.00 1.16 0.00 0.00 0.00 0.00 0.00 0.00 0.00 0.00 0.00 0.00
10 2002 950.73 0.00 0.00 0.00 15.85 0.00 0.00 1.16 0.00 0.00 0.00 0.00 0.00 0.00 0.00 0.00 0.00 0.00
11 2002 761.47 0.00 0.00 0.00 15.85 0.00 0.00 1.16 0.00 0.00 0.00 0.00 0.00 0.00 0.00 0.00 0.00 0.00
12 2002 727.40 0.00 0.00 0.00 15.85 0.00 0.00 1.16 0.00 0.00 0.00 0.00 0.00 0.00 0.00 0.00 0.00 0.00
1 2003 681.97 0.00 0.00 0.00 15.85 0.00 0.00 1.16 0.00 0.00 0.00 0.00 0.00 0.00 0.00 0.00 0.00 0.00
2 2003 628.98 0.00 0.00 0.00 15.85 0.00 0.00 1.16 0.00 0.00 0.00 0.00 0.00 0.00 0.00 0.00 0.00 0.00
3 2003 765.25 0.00 0.00 0.00 15.85 0.00 0.00 1.16 0.00 0.00 0.00 0.00 0.00 0.00 0.00 0.00 0.00 0.00
4 2003 1340.63 0.00 0.00 0.00 15.85 0.00 0.00 1.16 0.00 0.00 0.00 0.00 0.00 0.00 0.00 0.00 0.00 0.00
5 2003 1881.94 0.00 0.00 0.00 15.85 0.00 0.00 1.16 0.00 0.00 0.00 0.00 0.00 0.00 0.00 0.00 0.00 0.00
6 2003 1321.70 0.00 0.00 0.00 15.85 0.00 0.00 1.16 0.00 0.00 0.00 0.00 0.00 0.00 0.00 0.00 0.00 0.00
7 2003 1666.18 0.00 0.00 0.00 15.85 0.00 0.00 1.16 0.00 0.00 0.00 0.00 0.00 0.00 0.00 0.00 0.00 0.00
8 2003 958.31 0.00 0.00 0.00 15.85 0.00 0.00 1.16 0.00 0.00 0.00 0.00 0.00 0.00 0.00 0.00 0.00 0.00
9 2003 890.17 0.00 0.00 0.00 15.85 0.00 0.00 1.16 0.00 0.00 0.00 0.00 0.00 0.00 0.00 0.00 0.00 0.00
10 2003 697.11 0.00 0.00 0.00 15.85 0.00 0.00 1.16 0.00 0.00 0.00 0.00 0.00 0.00 0.00 0.00 0.00 0.00
11 2003 712.26 0.00 0.00 0.00 15.85 0.00 0.00 1.16 0.00 0.00 0.00 0.00 0.00 0.00 0.00 0.00 0.00 0.00
12 2003 704.68 0.00 0.00 0.00 15.85 0.00 0.00 1.16 0.00 0.00 0.00 0.00 0.00 0.00 0.00 0.00 0.00 0.00
1 2004 674.40 0.00 0.00 0.00 15.85 0.00 0.00 1.16 0.00 0.00 0.00 0.00 0.00 0.00 0.00 0.00 0.00 0.00
2 2004 1317.92 0.00 0.00 0.00 15.85 0.00 0.00 1.16 0.00 0.00 0.00 0.00 0.00 0.00 0.00 0.00 0.00 0.00
3 2004 3960.13 0.00 0.00 0.00 15.85 0.00 0.00 1.16 0.00 0.00 0.00 0.00 0.00 0.00 0.00 0.00 0.00 0.00
4 2004 1404.98 0.00 0.00 0.00 15.85 0.00 0.00 1.16 0.00 0.00 0.00 0.00 0.00 0.00 0.00 0.00 0.00 0.00
5 2004 2180.99 0.00 0.00 0.00 15.85 0.00 0.00 1.16 0.00 0.00 0.00 0.00 0.00 0.00 0.00 0.00 0.00 0.00
6 2004 3585.37 0.00 0.00 0.00 15.85 0.00 0.00 1.16 0.00 0.00 0.00 0.00 0.00 0.00 0.00 0.00 0.00 0.00
7 2004 1692.67 0.00 0.00 0.00 15.85 0.00 0.00 1.16 0.00 0.00 0.00 0.00 0.00 0.00 0.00 0.00 0.00 0.00
8 2004 1423.91 0.00 0.00 0.00 15.85 0.00 0.00 1.16 0.00 0.00 0.00 0.00 0.00 0.00 0.00 0.00 0.00 0.00
9 2004 939.38 0.00 0.00 0.00 15.85 0.00 0.00 1.16 0.00 0.00 0.00 0.00 0.00 0.00 0.00 0.00 0.00 0.00
10 2004 958.31 0.00 0.00 0.00 15.85 0.00 0.00 1.16 0.00 0.00 0.00 0.00 0.00 0.00 0.00 0.00 0.00 0.00
11 2004 1064.30 0.00 0.00 0.00 15.85 0.00 0.00 1.16 0.00 0.00 0.00 0.00 0.00 0.00 0.00 0.00 0.00 0.00
12 2004 829.60 0.00 0.00 0.00 15.85 0.00 0.00 1.16 0.00 0.00 0.00 0.00 0.00 0.00 0.00 0.00 0.00 0.00
1 2005 704.68 0.00 0.00 0.00 15.85 0.00 0.00 1.16 0.00 0.00 0.00 0.00 0.00 0.00 0.00 0.00 0.00 0.00
2 2005 1030.23 0.00 0.00 0.00 15.85 0.00 0.00 1.16 0.00 0.00 0.00 0.00 0.00 0.00 0.00 0.00 0.00 0.00
3 2005 825.82 0.00 0.00 0.00 15.85 0.00 0.00 1.16 0.00 0.00 0.00 0.00 0.00 0.00 0.00 0.00 0.00 0.00
4 2005 1227.07 0.00 0.00 0.00 15.85 0.00 0.00 1.16 0.00 0.00 0.00 0.00 0.00 0.00 0.00 0.00 0.00 0.00
5 2005 1639.68 0.00 0.00 0.00 15.85 0.00 0.00 1.16 0.00 0.00 0.00 0.00 0.00 0.00 0.00 0.00 0.00 0.00
6 2005 1639.68 0.00 0.00 0.00 15.85 0.00 0.00 1.16 0.00 0.00 0.00 0.00 0.00 0.00 0.00 0.00 0.00 0.00
7 2005 1386.06 0.00 0.00 0.00 15.85 0.00 0.00 1.16 0.00 0.00 0.00 0.00 0.00 0.00 0.00 0.00 0.00 0.00
8 2005 981.02 0.00 0.00 0.00 15.85 0.00 0.00 1.16 0.00 0.00 0.00 0.00 0.00 0.00 0.00 0.00 0.00 0.00
9 2005 848.53 0.00 0.00 0.00 15.85 0.00 0.00 1.16 0.00 0.00 0.00 0.00 0.00 0.00 0.00 0.00 0.00 0.00
10 2005 697.11 0.00 0.00 0.00 15.85 0.00 0.00 1.16 0.00 0.00 0.00 0.00 0.00 0.00 0.00 0.00 0.00 0.00
11 2005 674.40 0.00 0.00 0.00 15.85 0.00 0.00 1.16 0.00 0.00 0.00 0.00 0.00 0.00 0.00 0.00 0.00 0.00
12 2005 621.41 0.00 0.00 0.00 15.85 0.00 0.00 1.16 0.00 0.00 0.00 0.00 0.00 0.00 0.00 0.00 0.00 0.00
1 2006 613.83 0.00 0.00 0.00 15.85 0.00 0.00 1.16 0.00 0.00 0.00 0.00 0.00 0.00 0.00 0.00 0.00 0.00
2 2006 534.34 0.00 0.00 0.00 15.85 0.00 0.00 1.16 0.00 0.00 0.00 0.00 0.00 0.00 0.00 0.00 0.00 0.00
3 2006 1310.35 0.00 0.00 0.00 15.85 0.00 0.00 1.16 0.00 0.00 0.00 0.00 0.00 0.00 0.00 0.00 0.00 0.00
4 2006 1257.35 0.00 0.00 0.00 15.85 0.00 0.00 1.16 0.00 0.00 0.00 0.00 0.00 0.00 0.00 0.00 0.00 0.00
5 2006 1196.79 0.00 0.00 0.00 15.85 0.00 0.00 1.16 0.00 0.00 0.00 0.00 0.00 0.00 0.00 0.00 0.00 0.00
6 2006 712.26 0.00 0.00 0.00 15.85 0.00 0.00 1.16 0.00 0.00 0.00 0.00 0.00 0.00 0.00 0.00 0.00 0.00
7 2006 784.18 0.00 0.00 0.00 15.85 0.00 0.00 1.16 0.00 0.00 0.00 0.00 0.00 0.00 0.00 0.00 0.00 0.00
8 2006 742.54 0.00 0.00 0.00 15.85 0.00 0.00 1.16 0.00 0.00 0.00 0.00 0.00 0.00 0.00 0.00 0.00 0.00
9 2006 1015.09 0.00 0.00 0.00 15.85 0.00 0.00 1.16 0.00 0.00 0.00 0.00 0.00 0.00 0.00 0.00 0.00 0.00
10 2006 4.39 0.00 0.00 0.00 0.20 0.00 0.00 0.00 0.00 0.00 0.00 0.00 0.00 0.00 0.00 0.00 0.00 0.00
11 2006 4.39 0.00 0.00 0.00 0.20 0.00 0.00 0.00 0.00 0.00 0.00 0.00 0.00 0.00 0.00 0.00 0.00 0.00
12 2006 4.39 0.00 0.00 0.00 0.20 0.00 0.00 0.00 0.00 0.00 0.00 0.00 0.00 0.00 0.00 0.00 0.00 0.00
