Written by i_SWAT





1 1983 5585.37 0.00 0.00 0.00 463.58 0.00 0.00 34.30 0.00 0.00 0.00 0.00 0.00 0.00 0.00 0.00 0.00 0.00
2 1983 6386.86 0.00 0.00 0.00 463.58 0.00 0.00 34.30 0.00 0.00 0.00 0.00 0.00 0.00 0.00 0.00 0.00 0.00
3 1983 8149.85 0.00 0.00 0.00 463.58 0.00 0.00 34.30 0.00 0.00 0.00 0.00 0.00 0.00 0.00 0.00 0.00 0.00
4 1983 9963.31 0.00 0.00 0.00 463.58 0.00 0.00 34.30 0.00 0.00 0.00 0.00 0.00 0.00 0.00 0.00 0.00 0.00
5 1983 11672.29 0.00 0.00 0.00 463.58 0.00 0.00 34.30 0.00 0.00 0.00 0.00 0.00 0.00 0.00 0.00 0.00 0.00
6 1983 11298.54 0.00 0.00 0.00 463.58 0.00 0.00 34.30 0.00 0.00 0.00 0.00 0.00 0.00 0.00 0.00 0.00 0.00
7 1983 10234.59 0.00 0.00 0.00 463.58 0.00 0.00 34.30 0.00 0.00 0.00 0.00 0.00 0.00 0.00 0.00 0.00 0.00
8 1983 8206.38 0.00 0.00 0.00 463.58 0.00 0.00 34.30 0.00 0.00 0.00 0.00 0.00 0.00 0.00 0.00 0.00 0.00
9 1983 6817.89 0.00 0.00 0.00 463.58 0.00 0.00 34.30 0.00 0.00 0.00 0.00 0.00 0.00 0.00 0.00 0.00 0.00
10 1983 6285.92 0.00 0.00 0.00 463.58 0.00 0.00 34.30 0.00 0.00 0.00 0.00 0.00 0.00 0.00 0.00 0.00 0.00
11 1983 6144.85 0.00 0.00 0.00 463.58 0.00 0.00 34.30 0.00 0.00 0.00 0.00 0.00 0.00 0.00 0.00 0.00 0.00
12 1983 6084.79 0.00 0.00 0.00 463.58 0.00 0.00 34.30 0.00 0.00 0.00 0.00 0.00 0.00 0.00 0.00 0.00 0.00
1 1984 5585.37 0.00 0.00 0.00 463.58 0.00 0.00 34.30 0.00 0.00 0.00 0.00 0.00 0.00 0.00 0.00 0.00 0.00
2 1984 6386.86 0.00 0.00 0.00 463.58 0.00 0.00 34.30 0.00 0.00 0.00 0.00 0.00 0.00 0.00 0.00 0.00 0.00
3 1984 8149.85 0.00 0.00 0.00 463.58 0.00 0.00 34.30 0.00 0.00 0.00 0.00 0.00 0.00 0.00 0.00 0.00 0.00
4 1984 9963.31 0.00 0.00 0.00 463.58 0.00 0.00 34.30 0.00 0.00 0.00 0.00 0.00 0.00 0.00 0.00 0.00 0.00
5 1984 11672.29 0.00 0.00 0.00 463.58 0.00 0.00 34.30 0.00 0.00 0.00 0.00 0.00 0.00 0.00 0.00 0.00 0.00
6 1984 11298.54 0.00 0.00 0.00 463.58 0.00 0.00 34.30 0.00 0.00 0.00 0.00 0.00 0.00 0.00 0.00 0.00 0.00
7 1984 10234.59 0.00 0.00 0.00 463.58 0.00 0.00 34.30 0.00 0.00 0.00 0.00 0.00 0.00 0.00 0.00 0.00 0.00
8 1984 8206.38 0.00 0.00 0.00 463.58 0.00 0.00 34.30 0.00 0.00 0.00 0.00 0.00 0.00 0.00 0.00 0.00 0.00
9 1984 6817.89 0.00 0.00 0.00 463.58 0.00 0.00 34.30 0.00 0.00 0.00 0.00 0.00 0.00 0.00 0.00 0.00 0.00
10 1984 6285.92 0.00 0.00 0.00 463.58 0.00 0.00 34.30 0.00 0.00 0.00 0.00 0.00 0.00 0.00 0.00 0.00 0.00
11 1984 6144.85 0.00 0.00 0.00 463.58 0.00 0.00 34.30 0.00 0.00 0.00 0.00 0.00 0.00 0.00 0.00 0.00 0.00
12 1984 6084.79 0.00 0.00 0.00 463.58 0.00 0.00 34.30 0.00 0.00 0.00 0.00 0.00 0.00 0.00 0.00 0.00 0.00
1 1985 5585.37 0.00 0.00 0.00 463.58 0.00 0.00 34.30 0.00 0.00 0.00 0.00 0.00 0.00 0.00 0.00 0.00 0.00
2 1985 6386.86 0.00 0.00 0.00 463.58 0.00 0.00 34.30 0.00 0.00 0.00 0.00 0.00 0.00 0.00 0.00 0.00 0.00
3 1985 8149.85 0.00 0.00 0.00 463.58 0.00 0.00 34.30 0.00 0.00 0.00 0.00 0.00 0.00 0.00 0.00 0.00 0.00
4 1985 9963.31 0.00 0.00 0.00 463.58 0.00 0.00 34.30 0.00 0.00 0.00 0.00 0.00 0.00 0.00 0.00 0.00 0.00
5 1985 11672.29 0.00 0.00 0.00 463.58 0.00 0.00 34.30 0.00 0.00 0.00 0.00 0.00 0.00 0.00 0.00 0.00 0.00
6 1985 11298.54 0.00 0.00 0.00 463.58 0.00 0.00 34.30 0.00 0.00 0.00 0.00 0.00 0.00 0.00 0.00 0.00 0.00
7 1985 10234.59 0.00 0.00 0.00 463.58 0.00 0.00 34.30 0.00 0.00 0.00 0.00 0.00 0.00 0.00 0.00 0.00 0.00
8 1985 8206.38 0.00 0.00 0.00 463.58 0.00 0.00 34.30 0.00 0.00 0.00 0.00 0.00 0.00 0.00 0.00 0.00 0.00
9 1985 6817.89 0.00 0.00 0.00 463.58 0.00 0.00 34.30 0.00 0.00 0.00 0.00 0.00 0.00 0.00 0.00 0.00 0.00
10 1985 6285.92 0.00 0.00 0.00 463.58 0.00 0.00 34.30 0.00 0.00 0.00 0.00 0.00 0.00 0.00 0.00 0.00 0.00
11 1985 6144.85 0.00 0.00 0.00 463.58 0.00 0.00 34.30 0.00 0.00 0.00 0.00 0.00 0.00 0.00 0.00 0.00 0.00
12 1985 6084.79 0.00 0.00 0.00 463.58 0.00 0.00 34.30 0.00 0.00 0.00 0.00 0.00 0.00 0.00 0.00 0.00 0.00
1 1986 5585.37 0.00 0.00 0.00 463.58 0.00 0.00 34.30 0.00 0.00 0.00 0.00 0.00 0.00 0.00 0.00 0.00 0.00
2 1986 6386.86 0.00 0.00 0.00 463.58 0.00 0.00 34.30 0.00 0.00 0.00 0.00 0.00 0.00 0.00 0.00 0.00 0.00
3 1986 8149.85 0.00 0.00 0.00 463.58 0.00 0.00 34.30 0.00 0.00 0.00 0.00 0.00 0.00 0.00 0.00 0.00 0.00
4 1986 9963.31 0.00 0.00 0.00 463.58 0.00 0.00 34.30 0.00 0.00 0.00 0.00 0.00 0.00 0.00 0.00 0.00 0.00
5 1986 11672.29 0.00 0.00 0.00 463.58 0.00 0.00 34.30 0.00 0.00 0.00 0.00 0.00 0.00 0.00 0.00 0.00 0.00
6 1986 11298.54 0.00 0.00 0.00 463.58 0.00 0.00 34.30 0.00 0.00 0.00 0.00 0.00 0.00 0.00 0.00 0.00 0.00
7 1986 10234.59 0.00 0.00 0.00 463.58 0.00 0.00 34.30 0.00 0.00 0.00 0.00 0.00 0.00 0.00 0.00 0.00 0.00
8 1986 8206.38 0.00 0.00 0.00 463.58 0.00 0.00 34.30 0.00 0.00 0.00 0.00 0.00 0.00 0.00 0.00 0.00 0.00
9 1986 6817.89 0.00 0.00 0.00 463.58 0.00 0.00 34.30 0.00 0.00 0.00 0.00 0.00 0.00 0.00 0.00 0.00 0.00
10 1986 6285.92 0.00 0.00 0.00 463.58 0.00 0.00 34.30 0.00 0.00 0.00 0.00 0.00 0.00 0.00 0.00 0.00 0.00
11 1986 6144.85 0.00 0.00 0.00 463.58 0.00 0.00 34.30 0.00 0.00 0.00 0.00 0.00 0.00 0.00 0.00 0.00 0.00
12 1986 6084.79 0.00 0.00 0.00 463.58 0.00 0.00 34.30 0.00 0.00 0.00 0.00 0.00 0.00 0.00 0.00 0.00 0.00
1 1987 5585.37 0.00 0.00 0.00 463.58 0.00 0.00 34.30 0.00 0.00 0.00 0.00 0.00 0.00 0.00 0.00 0.00 0.00
2 1987 6386.86 0.00 0.00 0.00 463.58 0.00 0.00 34.30 0.00 0.00 0.00 0.00 0.00 0.00 0.00 0.00 0.00 0.00
3 1987 8149.85 0.00 0.00 0.00 463.58 0.00 0.00 34.30 0.00 0.00 0.00 0.00 0.00 0.00 0.00 0.00 0.00 0.00
4 1987 9963.31 0.00 0.00 0.00 463.58 0.00 0.00 34.30 0.00 0.00 0.00 0.00 0.00 0.00 0.00 0.00 0.00 0.00
5 1987 11672.29 0.00 0.00 0.00 463.58 0.00 0.00 34.30 0.00 0.00 0.00 0.00 0.00 0.00 0.00 0.00 0.00 0.00
6 1987 11298.54 0.00 0.00 0.00 463.58 0.00 0.00 34.30 0.00 0.00 0.00 0.00 0.00 0.00 0.00 0.00 0.00 0.00
7 1987 10234.59 0.00 0.00 0.00 463.58 0.00 0.00 34.30 0.00 0.00 0.00 0.00 0.00 0.00 0.00 0.00 0.00 0.00
8 1987 8206.38 0.00 0.00 0.00 463.58 0.00 0.00 34.30 0.00 0.00 0.00 0.00 0.00 0.00 0.00 0.00 0.00 0.00
9 1987 6817.89 0.00 0.00 0.00 463.58 0.00 0.00 34.30 0.00 0.00 0.00 0.00 0.00 0.00 0.00 0.00 0.00 0.00
10 1987 6285.92 0.00 0.00 0.00 463.58 0.00 0.00 34.30 0.00 0.00 0.00 0.00 0.00 0.00 0.00 0.00 0.00 0.00
11 1987 6144.85 0.00 0.00 0.00 463.58 0.00 0.00 34.30 0.00 0.00 0.00 0.00 0.00 0.00 0.00 0.00 0.00 0.00
12 1987 6084.79 0.00 0.00 0.00 463.58 0.00 0.00 34.30 0.00 0.00 0.00 0.00 0.00 0.00 0.00 0.00 0.00 0.00
1 1988 5585.37 0.00 0.00 0.00 463.58 0.00 0.00 34.30 0.00 0.00 0.00 0.00 0.00 0.00 0.00 0.00 0.00 0.00
2 1988 6386.86 0.00 0.00 0.00 463.58 0.00 0.00 34.30 0.00 0.00 0.00 0.00 0.00 0.00 0.00 0.00 0.00 0.00
3 1988 8149.85 0.00 0.00 0.00 463.58 0.00 0.00 34.30 0.00 0.00 0.00 0.00 0.00 0.00 0.00 0.00 0.00 0.00
4 1988 9963.31 0.00 0.00 0.00 463.58 0.00 0.00 34.30 0.00 0.00 0.00 0.00 0.00 0.00 0.00 0.00 0.00 0.00
5 1988 11672.29 0.00 0.00 0.00 463.58 0.00 0.00 34.30 0.00 0.00 0.00 0.00 0.00 0.00 0.00 0.00 0.00 0.00
6 1988 11298.54 0.00 0.00 0.00 463.58 0.00 0.00 34.30 0.00 0.00 0.00 0.00 0.00 0.00 0.00 0.00 0.00 0.00
7 1988 10234.59 0.00 0.00 0.00 463.58 0.00 0.00 34.30 0.00 0.00 0.00 0.00 0.00 0.00 0.00 0.00 0.00 0.00
8 1988 8206.38 0.00 0.00 0.00 463.58 0.00 0.00 34.30 0.00 0.00 0.00 0.00 0.00 0.00 0.00 0.00 0.00 0.00
9 1988 6817.89 0.00 0.00 0.00 463.58 0.00 0.00 34.30 0.00 0.00 0.00 0.00 0.00 0.00 0.00 0.00 0.00 0.00
10 1988 6285.92 0.00 0.00 0.00 463.58 0.00 0.00 34.30 0.00 0.00 0.00 0.00 0.00 0.00 0.00 0.00 0.00 0.00
11 1988 6144.85 0.00 0.00 0.00 463.58 0.00 0.00 34.30 0.00 0.00 0.00 0.00 0.00 0.00 0.00 0.00 0.00 0.00
12 1988 6084.79 0.00 0.00 0.00 463.58 0.00 0.00 34.30 0.00 0.00 0.00 0.00 0.00 0.00 0.00 0.00 0.00 0.00
1 1989 5585.37 0.00 0.00 0.00 463.58 0.00 0.00 34.30 0.00 0.00 0.00 0.00 0.00 0.00 0.00 0.00 0.00 0.00
2 1989 6386.86 0.00 0.00 0.00 463.58 0.00 0.00 34.30 0.00 0.00 0.00 0.00 0.00 0.00 0.00 0.00 0.00 0.00
3 1989 8149.85 0.00 0.00 0.00 463.58 0.00 0.00 34.30 0.00 0.00 0.00 0.00 0.00 0.00 0.00 0.00 0.00 0.00
4 1989 9963.31 0.00 0.00 0.00 463.58 0.00 0.00 34.30 0.00 0.00 0.00 0.00 0.00 0.00 0.00 0.00 0.00 0.00
5 1989 11672.29 0.00 0.00 0.00 463.58 0.00 0.00 34.30 0.00 0.00 0.00 0.00 0.00 0.00 0.00 0.00 0.00 0.00
6 1989 11298.54 0.00 0.00 0.00 463.58 0.00 0.00 34.30 0.00 0.00 0.00 0.00 0.00 0.00 0.00 0.00 0.00 0.00
7 1989 10234.59 0.00 0.00 0.00 463.58 0.00 0.00 34.30 0.00 0.00 0.00 0.00 0.00 0.00 0.00 0.00 0.00 0.00
8 1989 8206.38 0.00 0.00 0.00 463.58 0.00 0.00 34.30 0.00 0.00 0.00 0.00 0.00 0.00 0.00 0.00 0.00 0.00
9 1989 6817.89 0.00 0.00 0.00 463.58 0.00 0.00 34.30 0.00 0.00 0.00 0.00 0.00 0.00 0.00 0.00 0.00 0.00
10 1989 6285.92 0.00 0.00 0.00 463.58 0.00 0.00 34.30 0.00 0.00 0.00 0.00 0.00 0.00 0.00 0.00 0.00 0.00
11 1989 6144.85 0.00 0.00 0.00 463.58 0.00 0.00 34.30 0.00 0.00 0.00 0.00 0.00 0.00 0.00 0.00 0.00 0.00
12 1989 6084.79 0.00 0.00 0.00 463.58 0.00 0.00 34.30 0.00 0.00 0.00 0.00 0.00 0.00 0.00 0.00 0.00 0.00
1 1990 5585.37 0.00 0.00 0.00 463.58 0.00 0.00 34.30 0.00 0.00 0.00 0.00 0.00 0.00 0.00 0.00 0.00 0.00
2 1990 4260.98 0.00 0.00 0.00 463.58 0.00 0.00 34.30 0.00 0.00 0.00 0.00 0.00 0.00 0.00 0.00 0.00 0.00
3 1990 11029.28 0.00 0.00 0.00 463.58 0.00 0.00 34.30 0.00 0.00 0.00 0.00 0.00 0.00 0.00 0.00 0.00 0.00
4 1990 4696.30 0.00 0.00 0.00 463.58 0.00 0.00 34.30 0.00 0.00 0.00 0.00 0.00 0.00 0.00 0.00 0.00 0.00
5 1990 17771.07 0.00 0.00 0.00 463.58 0.00 0.00 34.30 0.00 0.00 0.00 0.00 0.00 0.00 0.00 0.00 0.00 0.00
6 1990 17384.96 0.00 0.00 0.00 463.58 0.00 0.00 34.30 0.00 0.00 0.00 0.00 0.00 0.00 0.00 0.00 0.00 0.00
7 1990 16521.89 0.00 0.00 0.00 463.58 0.00 0.00 34.30 0.00 0.00 0.00 0.00 0.00 0.00 0.00 0.00 0.00 0.00
8 1990 10934.64 0.00 0.00 0.00 463.58 0.00 0.00 34.30 0.00 0.00 0.00 0.00 0.00 0.00 0.00 0.00 0.00 0.00
9 1990 6566.29 0.00 0.00 0.00 463.58 0.00 0.00 34.30 0.00 0.00 0.00 0.00 0.00 0.00 0.00 0.00 0.00 0.00
10 1990 5286.82 0.00 0.00 0.00 463.58 0.00 0.00 34.30 0.00 0.00 0.00 0.00 0.00 0.00 0.00 0.00 0.00 0.00
11 1990 4768.22 0.00 0.00 0.00 463.58 0.00 0.00 34.30 0.00 0.00 0.00 0.00 0.00 0.00 0.00 0.00 0.00 0.00
12 1990 4662.23 0.00 0.00 0.00 463.58 0.00 0.00 34.30 0.00 0.00 0.00 0.00 0.00 0.00 0.00 0.00 0.00 0.00
1 1991 4204.20 0.00 0.00 0.00 463.58 0.00 0.00 34.30 0.00 0.00 0.00 0.00 0.00 0.00 0.00 0.00 0.00 0.00
2 1991 4995.35 0.00 0.00 0.00 463.58 0.00 0.00 34.30 0.00 0.00 0.00 0.00 0.00 0.00 0.00 0.00 0.00 0.00
3 1991 13803.97 0.00 0.00 0.00 463.58 0.00 0.00 34.30 0.00 0.00 0.00 0.00 0.00 0.00 0.00 0.00 0.00 0.00
4 1991 14746.54 0.00 0.00 0.00 463.58 0.00 0.00 34.30 0.00 0.00 0.00 0.00 0.00 0.00 0.00 0.00 0.00 0.00
5 1991 13803.97 0.00 0.00 0.00 463.58 0.00 0.00 34.30 0.00 0.00 0.00 0.00 0.00 0.00 0.00 0.00 0.00 0.00
6 1991 10669.66 0.00 0.00 0.00 463.58 0.00 0.00 34.30 0.00 0.00 0.00 0.00 0.00 0.00 0.00 0.00 0.00 0.00
7 1991 6354.31 0.00 0.00 0.00 463.58 0.00 0.00 34.30 0.00 0.00 0.00 0.00 0.00 0.00 0.00 0.00 0.00 0.00
8 1991 5165.69 0.00 0.00 0.00 463.58 0.00 0.00 34.30 0.00 0.00 0.00 0.00 0.00 0.00 0.00 0.00 0.00 0.00
9 1991 5362.53 0.00 0.00 0.00 463.58 0.00 0.00 34.30 0.00 0.00 0.00 0.00 0.00 0.00 0.00 0.00 0.00 0.00
10 1991 6956.19 0.00 0.00 0.00 463.58 0.00 0.00 34.30 0.00 0.00 0.00 0.00 0.00 0.00 0.00 0.00 0.00 0.00
11 1991 7471.00 0.00 0.00 0.00 463.58 0.00 0.00 34.30 0.00 0.00 0.00 0.00 0.00 0.00 0.00 0.00 0.00 0.00
12 1991 10082.92 0.00 0.00 0.00 463.58 0.00 0.00 34.30 0.00 0.00 0.00 0.00 0.00 0.00 0.00 0.00 0.00 0.00
1 1992 6498.15 0.00 0.00 0.00 463.58 0.00 0.00 34.30 0.00 0.00 0.00 0.00 0.00 0.00 0.00 0.00 0.00 0.00
2 1992 6236.96 0.00 0.00 0.00 463.58 0.00 0.00 34.30 0.00 0.00 0.00 0.00 0.00 0.00 0.00 0.00 0.00 0.00
3 1992 8689.90 0.00 0.00 0.00 463.58 0.00 0.00 34.30 0.00 0.00 0.00 0.00 0.00 0.00 0.00 0.00 0.00 0.00
4 1992 10726.44 0.00 0.00 0.00 463.58 0.00 0.00 34.30 0.00 0.00 0.00 0.00 0.00 0.00 0.00 0.00 0.00 0.00
5 1992 7857.11 0.00 0.00 0.00 463.58 0.00 0.00 34.30 0.00 0.00 0.00 0.00 0.00 0.00 0.00 0.00 0.00 0.00
6 1992 6316.45 0.00 0.00 0.00 463.58 0.00 0.00 34.30 0.00 0.00 0.00 0.00 0.00 0.00 0.00 0.00 0.00 0.00
7 1992 8053.95 0.00 0.00 0.00 463.58 0.00 0.00 34.30 0.00 0.00 0.00 0.00 0.00 0.00 0.00 0.00 0.00 0.00
8 1992 6543.58 0.00 0.00 0.00 463.58 0.00 0.00 34.30 0.00 0.00 0.00 0.00 0.00 0.00 0.00 0.00 0.00 0.00
9 1992 13410.29 0.00 0.00 0.00 463.58 0.00 0.00 34.30 0.00 0.00 0.00 0.00 0.00 0.00 0.00 0.00 0.00 0.00
10 1992 8413.56 0.00 0.00 0.00 463.58 0.00 0.00 34.30 0.00 0.00 0.00 0.00 0.00 0.00 0.00 0.00 0.00 0.00
11 1992 9185.79 0.00 0.00 0.00 463.58 0.00 0.00 34.30 0.00 0.00 0.00 0.00 0.00 0.00 0.00 0.00 0.00 0.00
12 1992 9306.92 0.00 0.00 0.00 463.58 0.00 0.00 34.30 0.00 0.00 0.00 0.00 0.00 0.00 0.00 0.00 0.00 0.00
1 1993 7478.57 0.00 0.00 0.00 463.58 0.00 0.00 34.30 0.00 0.00 0.00 0.00 0.00 0.00 0.00 0.00 0.00 0.00
2 1993 6808.55 0.00 0.00 0.00 463.58 0.00 0.00 34.30 0.00 0.00 0.00 0.00 0.00 0.00 0.00 0.00 0.00 0.00
3 1993 10310.05 0.00 0.00 0.00 463.58 0.00 0.00 34.30 0.00 0.00 0.00 0.00 0.00 0.00 0.00 0.00 0.00 0.00
4 1993 12539.65 0.00 0.00 0.00 463.58 0.00 0.00 34.30 0.00 0.00 0.00 0.00 0.00 0.00 0.00 0.00 0.00 0.00
5 1993 12853.84 0.00 0.00 0.00 463.58 0.00 0.00 34.30 0.00 0.00 0.00 0.00 0.00 0.00 0.00 0.00 0.00 0.00
6 1993 12853.84 0.00 0.00 0.00 463.58 0.00 0.00 34.30 0.00 0.00 0.00 0.00 0.00 0.00 0.00 0.00 0.00 0.00
7 1993 11998.34 0.00 0.00 0.00 463.58 0.00 0.00 34.30 0.00 0.00 0.00 0.00 0.00 0.00 0.00 0.00 0.00 0.00
8 1993 13819.12 0.00 0.00 0.00 463.58 0.00 0.00 34.30 0.00 0.00 0.00 0.00 0.00 0.00 0.00 0.00 0.00 0.00
9 1993 13398.94 0.00 0.00 0.00 463.58 0.00 0.00 34.30 0.00 0.00 0.00 0.00 0.00 0.00 0.00 0.00 0.00 0.00
10 1993 7743.55 0.00 0.00 0.00 463.58 0.00 0.00 34.30 0.00 0.00 0.00 0.00 0.00 0.00 0.00 0.00 0.00 0.00
11 1993 7092.46 0.00 0.00 0.00 463.58 0.00 0.00 34.30 0.00 0.00 0.00 0.00 0.00 0.00 0.00 0.00 0.00 0.00
12 1993 7130.31 0.00 0.00 0.00 463.58 0.00 0.00 34.30 0.00 0.00 0.00 0.00 0.00 0.00 0.00 0.00 0.00 0.00
1 1994 5975.77 0.00 0.00 0.00 463.58 0.00 0.00 34.30 0.00 0.00 0.00 0.00 0.00 0.00 0.00 0.00 0.00 0.00
2 1994 9587.04 0.00 0.00 0.00 463.58 0.00 0.00 34.30 0.00 0.00 0.00 0.00 0.00 0.00 0.00 0.00 0.00 0.00
3 1994 8114.52 0.00 0.00 0.00 463.58 0.00 0.00 34.30 0.00 0.00 0.00 0.00 0.00 0.00 0.00 0.00 0.00 0.00
4 1994 5756.21 0.00 0.00 0.00 463.58 0.00 0.00 34.30 0.00 0.00 0.00 0.00 0.00 0.00 0.00 0.00 0.00 0.00
5 1994 6043.90 0.00 0.00 0.00 463.58 0.00 0.00 34.30 0.00 0.00 0.00 0.00 0.00 0.00 0.00 0.00 0.00 0.00
6 1994 6202.89 0.00 0.00 0.00 463.58 0.00 0.00 34.30 0.00 0.00 0.00 0.00 0.00 0.00 0.00 0.00 0.00 0.00
7 1994 6388.38 0.00 0.00 0.00 463.58 0.00 0.00 34.30 0.00 0.00 0.00 0.00 0.00 0.00 0.00 0.00 0.00 0.00
8 1994 6782.06 0.00 0.00 0.00 463.58 0.00 0.00 34.30 0.00 0.00 0.00 0.00 0.00 0.00 0.00 0.00 0.00 0.00
9 1994 6513.29 0.00 0.00 0.00 463.58 0.00 0.00 34.30 0.00 0.00 0.00 0.00 0.00 0.00 0.00 0.00 0.00 0.00
10 1994 7028.11 0.00 0.00 0.00 463.58 0.00 0.00 34.30 0.00 0.00 0.00 0.00 0.00 0.00 0.00 0.00 0.00 0.00
11 1994 5737.29 0.00 0.00 0.00 463.58 0.00 0.00 34.30 0.00 0.00 0.00 0.00 0.00 0.00 0.00 0.00 0.00 0.00
12 1994 5824.35 0.00 0.00 0.00 463.58 0.00 0.00 34.30 0.00 0.00 0.00 0.00 0.00 0.00 0.00 0.00 0.00 0.00
1 1995 5998.48 0.00 0.00 0.00 463.58 0.00 0.00 34.30 0.00 0.00 0.00 0.00 0.00 0.00 0.00 0.00 0.00 0.00
2 1995 6115.83 0.00 0.00 0.00 463.58 0.00 0.00 34.30 0.00 0.00 0.00 0.00 0.00 0.00 0.00 0.00 0.00 0.00
3 1995 8882.95 0.00 0.00 0.00 463.58 0.00 0.00 34.30 0.00 0.00 0.00 0.00 0.00 0.00 0.00 0.00 0.00 0.00
4 1995 9757.38 0.00 0.00 0.00 463.58 0.00 0.00 34.30 0.00 0.00 0.00 0.00 0.00 0.00 0.00 0.00 0.00 0.00
5 1995 12414.73 0.00 0.00 0.00 463.58 0.00 0.00 34.30 0.00 0.00 0.00 0.00 0.00 0.00 0.00 0.00 0.00 0.00
6 1995 9685.46 0.00 0.00 0.00 463.58 0.00 0.00 34.30 0.00 0.00 0.00 0.00 0.00 0.00 0.00 0.00 0.00 0.00
7 1995 6683.64 0.00 0.00 0.00 463.58 0.00 0.00 34.30 0.00 0.00 0.00 0.00 0.00 0.00 0.00 0.00 0.00 0.00
8 1995 5419.31 0.00 0.00 0.00 463.58 0.00 0.00 34.30 0.00 0.00 0.00 0.00 0.00 0.00 0.00 0.00 0.00 0.00
9 1995 5737.29 0.00 0.00 0.00 463.58 0.00 0.00 34.30 0.00 0.00 0.00 0.00 0.00 0.00 0.00 0.00 0.00 0.00
10 1995 6070.40 0.00 0.00 0.00 463.58 0.00 0.00 34.30 0.00 0.00 0.00 0.00 0.00 0.00 0.00 0.00 0.00 0.00
11 1995 5790.28 0.00 0.00 0.00 463.58 0.00 0.00 34.30 0.00 0.00 0.00 0.00 0.00 0.00 0.00 0.00 0.00 0.00
12 1995 5093.77 0.00 0.00 0.00 463.58 0.00 0.00 34.30 0.00 0.00 0.00 0.00 0.00 0.00 0.00 0.00 0.00 0.00
1 1996 5548.02 0.00 0.00 0.00 463.58 0.00 0.00 34.30 0.00 0.00 0.00 0.00 0.00 0.00 0.00 0.00 0.00 0.00
2 1996 6161.25 0.00 0.00 0.00 463.58 0.00 0.00 34.30 0.00 0.00 0.00 0.00 0.00 0.00 0.00 0.00 0.00 0.00
3 1996 6377.02 0.00 0.00 0.00 463.58 0.00 0.00 34.30 0.00 0.00 0.00 0.00 0.00 0.00 0.00 0.00 0.00 0.00
4 1996 5956.84 0.00 0.00 0.00 463.58 0.00 0.00 34.30 0.00 0.00 0.00 0.00 0.00 0.00 0.00 0.00 0.00 0.00
5 1996 13482.21 0.00 0.00 0.00 463.58 0.00 0.00 34.30 0.00 0.00 0.00 0.00 0.00 0.00 0.00 0.00 0.00 0.00
6 1996 18100.40 0.00 0.00 0.00 463.58 0.00 0.00 34.30 0.00 0.00 0.00 0.00 0.00 0.00 0.00 0.00 0.00 0.00
7 1996 18263.18 0.00 0.00 0.00 463.58 0.00 0.00 34.30 0.00 0.00 0.00 0.00 0.00 0.00 0.00 0.00 0.00 0.00
8 1996 15575.54 0.00 0.00 0.00 463.58 0.00 0.00 34.30 0.00 0.00 0.00 0.00 0.00 0.00 0.00 0.00 0.00 0.00
9 1996 7452.07 0.00 0.00 0.00 463.58 0.00 0.00 34.30 0.00 0.00 0.00 0.00 0.00 0.00 0.00 0.00 0.00 0.00
10 1996 7811.69 0.00 0.00 0.00 463.58 0.00 0.00 34.30 0.00 0.00 0.00 0.00 0.00 0.00 0.00 0.00 0.00 0.00
11 1996 8322.71 0.00 0.00 0.00 463.58 0.00 0.00 34.30 0.00 0.00 0.00 0.00 0.00 0.00 0.00 0.00 0.00 0.00
12 1996 7978.24 0.00 0.00 0.00 463.58 0.00 0.00 34.30 0.00 0.00 0.00 0.00 0.00 0.00 0.00 0.00 0.00 0.00
1 1997 8201.58 0.00 0.00 0.00 463.58 0.00 0.00 34.30 0.00 0.00 0.00 0.00 0.00 0.00 0.00 0.00 0.00 0.00
2 1997 12797.06 0.00 0.00 0.00 463.58 0.00 0.00 34.30 0.00 0.00 0.00 0.00 0.00 0.00 0.00 0.00 0.00 0.00
3 1997 6766.92 0.00 0.00 0.00 463.58 0.00 0.00 34.30 0.00 0.00 0.00 0.00 0.00 0.00 0.00 0.00 0.00 0.00
4 1997 13118.82 0.00 0.00 0.00 463.58 0.00 0.00 34.30 0.00 0.00 0.00 0.00 0.00 0.00 0.00 0.00 0.00 0.00
5 1997 13027.97 0.00 0.00 0.00 463.58 0.00 0.00 34.30 0.00 0.00 0.00 0.00 0.00 0.00 0.00 0.00 0.00 0.00
6 1997 14826.03 0.00 0.00 0.00 463.58 0.00 0.00 34.30 0.00 0.00 0.00 0.00 0.00 0.00 0.00 0.00 0.00 0.00
7 1997 7955.53 0.00 0.00 0.00 463.58 0.00 0.00 34.30 0.00 0.00 0.00 0.00 0.00 0.00 0.00 0.00 0.00 0.00
8 1997 5926.56 0.00 0.00 0.00 463.58 0.00 0.00 34.30 0.00 0.00 0.00 0.00 0.00 0.00 0.00 0.00 0.00 0.00
9 1997 5608.58 0.00 0.00 0.00 463.58 0.00 0.00 34.30 0.00 0.00 0.00 0.00 0.00 0.00 0.00 0.00 0.00 0.00
10 1997 5120.27 0.00 0.00 0.00 463.58 0.00 0.00 34.30 0.00 0.00 0.00 0.00 0.00 0.00 0.00 0.00 0.00 0.00
11 1997 5112.69 0.00 0.00 0.00 463.58 0.00 0.00 34.30 0.00 0.00 0.00 0.00 0.00 0.00 0.00 0.00 0.00 0.00
12 1997 5301.96 0.00 0.00 0.00 463.58 0.00 0.00 34.30 0.00 0.00 0.00 0.00 0.00 0.00 0.00 0.00 0.00 0.00
1 1998 5619.94 0.00 0.00 0.00 463.58 0.00 0.00 34.30 0.00 0.00 0.00 0.00 0.00 0.00 0.00 0.00 0.00 0.00
2 1998 6835.05 0.00 0.00 0.00 463.58 0.00 0.00 34.30 0.00 0.00 0.00 0.00 0.00 0.00 0.00 0.00 0.00 0.00
3 1998 8148.59 0.00 0.00 0.00 463.58 0.00 0.00 34.30 0.00 0.00 0.00 0.00 0.00 0.00 0.00 0.00 0.00 0.00
4 1998 17388.75 0.00 0.00 0.00 463.58 0.00 0.00 34.30 0.00 0.00 0.00 0.00 0.00 0.00 0.00 0.00 0.00 0.00
5 1998 12535.87 0.00 0.00 0.00 463.58 0.00 0.00 34.30 0.00 0.00 0.00 0.00 0.00 0.00 0.00 0.00 0.00 0.00
6 1998 18232.89 0.00 0.00 0.00 463.58 0.00 0.00 34.30 0.00 0.00 0.00 0.00 0.00 0.00 0.00 0.00 0.00 0.00
7 1998 12361.74 0.00 0.00 0.00 463.58 0.00 0.00 34.30 0.00 0.00 0.00 0.00 0.00 0.00 0.00 0.00 0.00 0.00
8 1998 6948.61 0.00 0.00 0.00 463.58 0.00 0.00 34.30 0.00 0.00 0.00 0.00 0.00 0.00 0.00 0.00 0.00 0.00
9 1998 5707.00 0.00 0.00 0.00 463.58 0.00 0.00 34.30 0.00 0.00 0.00 0.00 0.00 0.00 0.00 0.00 0.00 0.00
10 1998 5479.88 0.00 0.00 0.00 463.58 0.00 0.00 34.30 0.00 0.00 0.00 0.00 0.00 0.00 0.00 0.00 0.00 0.00
11 1998 5589.66 0.00 0.00 0.00 463.58 0.00 0.00 34.30 0.00 0.00 0.00 0.00 0.00 0.00 0.00 0.00 0.00 0.00
12 1998 5036.99 0.00 0.00 0.00 463.58 0.00 0.00 34.30 0.00 0.00 0.00 0.00 0.00 0.00 0.00 0.00 0.00 0.00
1 1999 4836.36 0.00 0.00 0.00 463.58 0.00 0.00 34.30 0.00 0.00 0.00 0.00 0.00 0.00 0.00 0.00 0.00 0.00
2 1999 5033.20 0.00 0.00 0.00 463.58 0.00 0.00 34.30 0.00 0.00 0.00 0.00 0.00 0.00 0.00 0.00 0.00 0.00
3 1999 6937.26 0.00 0.00 0.00 463.58 0.00 0.00 34.30 0.00 0.00 0.00 0.00 0.00 0.00 0.00 0.00 0.00 0.00
4 1999 16340.19 0.00 0.00 0.00 463.58 0.00 0.00 34.30 0.00 0.00 0.00 0.00 0.00 0.00 0.00 0.00 0.00 0.00
5 1999 10688.59 0.00 0.00 0.00 463.58 0.00 0.00 34.30 0.00 0.00 0.00 0.00 0.00 0.00 0.00 0.00 0.00 0.00
6 1999 9927.72 0.00 0.00 0.00 463.58 0.00 0.00 34.30 0.00 0.00 0.00 0.00 0.00 0.00 0.00 0.00 0.00 0.00
7 1999 17487.17 0.00 0.00 0.00 463.58 0.00 0.00 34.30 0.00 0.00 0.00 0.00 0.00 0.00 0.00 0.00 0.00 0.00
8 1999 8443.85 0.00 0.00 0.00 463.58 0.00 0.00 34.30 0.00 0.00 0.00 0.00 0.00 0.00 0.00 0.00 0.00 0.00
9 1999 5884.92 0.00 0.00 0.00 463.58 0.00 0.00 34.30 0.00 0.00 0.00 0.00 0.00 0.00 0.00 0.00 0.00 0.00
10 1999 5029.42 0.00 0.00 0.00 463.58 0.00 0.00 34.30 0.00 0.00 0.00 0.00 0.00 0.00 0.00 0.00 0.00 0.00
11 1999 5135.41 0.00 0.00 0.00 463.58 0.00 0.00 34.30 0.00 0.00 0.00 0.00 0.00 0.00 0.00 0.00 0.00 0.00
12 1999 5158.12 0.00 0.00 0.00 463.58 0.00 0.00 34.30 0.00 0.00 0.00 0.00 0.00 0.00 0.00 0.00 0.00 0.00
1 2000 4817.43 0.00 0.00 0.00 463.58 0.00 0.00 34.30 0.00 0.00 0.00 0.00 0.00 0.00 0.00 0.00 0.00 0.00
2 2000 5585.87 0.00 0.00 0.00 463.58 0.00 0.00 34.30 0.00 0.00 0.00 0.00 0.00 0.00 0.00 0.00 0.00 0.00
3 2000 5320.89 0.00 0.00 0.00 463.58 0.00 0.00 34.30 0.00 0.00 0.00 0.00 0.00 0.00 0.00 0.00 0.00 0.00
4 2000 5052.13 0.00 0.00 0.00 463.58 0.00 0.00 34.30 0.00 0.00 0.00 0.00 0.00 0.00 0.00 0.00 0.00 0.00
5 2000 5657.79 0.00 0.00 0.00 463.58 0.00 0.00 34.30 0.00 0.00 0.00 0.00 0.00 0.00 0.00 0.00 0.00 0.00
6 2000 5483.66 0.00 0.00 0.00 463.58 0.00 0.00 34.30 0.00 0.00 0.00 0.00 0.00 0.00 0.00 0.00 0.00 0.00
7 2000 5491.23 0.00 0.00 0.00 463.58 0.00 0.00 34.30 0.00 0.00 0.00 0.00 0.00 0.00 0.00 0.00 0.00 0.00
8 2000 5052.13 0.00 0.00 0.00 463.58 0.00 0.00 34.30 0.00 0.00 0.00 0.00 0.00 0.00 0.00 0.00 0.00 0.00
9 2000 4787.15 0.00 0.00 0.00 463.58 0.00 0.00 34.30 0.00 0.00 0.00 0.00 0.00 0.00 0.00 0.00 0.00 0.00
10 2000 4620.59 0.00 0.00 0.00 463.58 0.00 0.00 34.30 0.00 0.00 0.00 0.00 0.00 0.00 0.00 0.00 0.00 0.00
11 2000 4976.42 0.00 0.00 0.00 463.58 0.00 0.00 34.30 0.00 0.00 0.00 0.00 0.00 0.00 0.00 0.00 0.00 0.00
12 2000 4722.80 0.00 0.00 0.00 463.58 0.00 0.00 34.30 0.00 0.00 0.00 0.00 0.00 0.00 0.00 0.00 0.00 0.00
1 2001 4541.10 0.00 0.00 0.00 463.58 0.00 0.00 34.30 0.00 0.00 0.00 0.00 0.00 0.00 0.00 0.00 0.00 0.00
2 2001 5396.60 0.00 0.00 0.00 463.58 0.00 0.00 34.30 0.00 0.00 0.00 0.00 0.00 0.00 0.00 0.00 0.00 0.00
3 2001 7452.07 0.00 0.00 0.00 463.58 0.00 0.00 34.30 0.00 0.00 0.00 0.00 0.00 0.00 0.00 0.00 0.00 0.00
4 2001 8178.87 0.00 0.00 0.00 463.58 0.00 0.00 34.30 0.00 0.00 0.00 0.00 0.00 0.00 0.00 0.00 0.00 0.00
5 2001 12959.83 0.00 0.00 0.00 463.58 0.00 0.00 34.30 0.00 0.00 0.00 0.00 0.00 0.00 0.00 0.00 0.00 0.00
6 2001 15829.16 0.00 0.00 0.00 463.58 0.00 0.00 34.30 0.00 0.00 0.00 0.00 0.00 0.00 0.00 0.00 0.00 0.00
7 2001 5453.38 0.00 0.00 0.00 463.58 0.00 0.00 34.30 0.00 0.00 0.00 0.00 0.00 0.00 0.00 0.00 0.00 0.00
8 2001 6278.60 0.00 0.00 0.00 463.58 0.00 0.00 34.30 0.00 0.00 0.00 0.00 0.00 0.00 0.00 0.00 0.00 0.00
9 2001 5036.99 0.00 0.00 0.00 463.58 0.00 0.00 34.30 0.00 0.00 0.00 0.00 0.00 0.00 0.00 0.00 0.00 0.00
10 2001 5188.40 0.00 0.00 0.00 463.58 0.00 0.00 34.30 0.00 0.00 0.00 0.00 0.00 0.00 0.00 0.00 0.00 0.00
11 2001 5521.52 0.00 0.00 0.00 463.58 0.00 0.00 34.30 0.00 0.00 0.00 0.00 0.00 0.00 0.00 0.00 0.00 0.00
12 2001 4957.49 0.00 0.00 0.00 463.58 0.00 0.00 34.30 0.00 0.00 0.00 0.00 0.00 0.00 0.00 0.00 0.00 0.00
1 2002 4707.66 0.00 0.00 0.00 463.58 0.00 0.00 34.30 0.00 0.00 0.00 0.00 0.00 0.00 0.00 0.00 0.00 0.00
2 2002 4946.14 0.00 0.00 0.00 463.58 0.00 0.00 34.30 0.00 0.00 0.00 0.00 0.00 0.00 0.00 0.00 0.00 0.00
3 2002 4961.28 0.00 0.00 0.00 463.58 0.00 0.00 34.30 0.00 0.00 0.00 0.00 0.00 0.00 0.00 0.00 0.00 0.00
4 2002 8614.19 0.00 0.00 0.00 463.58 0.00 0.00 34.30 0.00 0.00 0.00 0.00 0.00 0.00 0.00 0.00 0.00 0.00
5 2002 11642.51 0.00 0.00 0.00 463.58 0.00 0.00 34.30 0.00 0.00 0.00 0.00 0.00 0.00 0.00 0.00 0.00 0.00
6 2002 7864.68 0.00 0.00 0.00 463.58 0.00 0.00 34.30 0.00 0.00 0.00 0.00 0.00 0.00 0.00 0.00 0.00 0.00
7 2002 5415.53 0.00 0.00 0.00 463.58 0.00 0.00 34.30 0.00 0.00 0.00 0.00 0.00 0.00 0.00 0.00 0.00 0.00
8 2002 13822.90 0.00 0.00 0.00 463.58 0.00 0.00 34.30 0.00 0.00 0.00 0.00 0.00 0.00 0.00 0.00 0.00 0.00
9 2002 6214.25 0.00 0.00 0.00 463.58 0.00 0.00 34.30 0.00 0.00 0.00 0.00 0.00 0.00 0.00 0.00 0.00 0.00
10 2002 9541.61 0.00 0.00 0.00 463.58 0.00 0.00 34.30 0.00 0.00 0.00 0.00 0.00 0.00 0.00 0.00 0.00 0.00
11 2002 5926.56 0.00 0.00 0.00 463.58 0.00 0.00 34.30 0.00 0.00 0.00 0.00 0.00 0.00 0.00 0.00 0.00 0.00
12 2002 5097.55 0.00 0.00 0.00 463.58 0.00 0.00 34.30 0.00 0.00 0.00 0.00 0.00 0.00 0.00 0.00 0.00 0.00
1 2003 4654.66 0.00 0.00 0.00 463.58 0.00 0.00 34.30 0.00 0.00 0.00 0.00 0.00 0.00 0.00 0.00 0.00 0.00
2 2003 5339.82 0.00 0.00 0.00 463.58 0.00 0.00 34.30 0.00 0.00 0.00 0.00 0.00 0.00 0.00 0.00 0.00 0.00
3 2003 6047.69 0.00 0.00 0.00 463.58 0.00 0.00 34.30 0.00 0.00 0.00 0.00 0.00 0.00 0.00 0.00 0.00 0.00
4 2003 6971.33 0.00 0.00 0.00 463.58 0.00 0.00 34.30 0.00 0.00 0.00 0.00 0.00 0.00 0.00 0.00 0.00 0.00
5 2003 11691.72 0.00 0.00 0.00 463.58 0.00 0.00 34.30 0.00 0.00 0.00 0.00 0.00 0.00 0.00 0.00 0.00 0.00
6 2003 6937.26 0.00 0.00 0.00 463.58 0.00 0.00 34.30 0.00 0.00 0.00 0.00 0.00 0.00 0.00 0.00 0.00 0.00
7 2003 15586.90 0.00 0.00 0.00 463.58 0.00 0.00 34.30 0.00 0.00 0.00 0.00 0.00 0.00 0.00 0.00 0.00 0.00
8 2003 5960.63 0.00 0.00 0.00 463.58 0.00 0.00 34.30 0.00 0.00 0.00 0.00 0.00 0.00 0.00 0.00 0.00 0.00
9 2003 5093.77 0.00 0.00 0.00 463.58 0.00 0.00 34.30 0.00 0.00 0.00 0.00 0.00 0.00 0.00 0.00 0.00 0.00
10 2003 4556.24 0.00 0.00 0.00 463.58 0.00 0.00 34.30 0.00 0.00 0.00 0.00 0.00 0.00 0.00 0.00 0.00 0.00
11 2003 4768.22 0.00 0.00 0.00 463.58 0.00 0.00 34.30 0.00 0.00 0.00 0.00 0.00 0.00 0.00 0.00 0.00 0.00
12 2003 5222.47 0.00 0.00 0.00 463.58 0.00 0.00 34.30 0.00 0.00 0.00 0.00 0.00 0.00 0.00 0.00 0.00 0.00
1 2004 4900.71 0.00 0.00 0.00 463.58 0.00 0.00 34.30 0.00 0.00 0.00 0.00 0.00 0.00 0.00 0.00 0.00 0.00
2 2004 5703.22 0.00 0.00 0.00 463.58 0.00 0.00 34.30 0.00 0.00 0.00 0.00 0.00 0.00 0.00 0.00 0.00 0.00
3 2004 9405.34 0.00 0.00 0.00 463.58 0.00 0.00 34.30 0.00 0.00 0.00 0.00 0.00 0.00 0.00 0.00 0.00 0.00
4 2004 9605.96 0.00 0.00 0.00 463.58 0.00 0.00 34.30 0.00 0.00 0.00 0.00 0.00 0.00 0.00 0.00 0.00 0.00
5 2004 12653.21 0.00 0.00 0.00 463.58 0.00 0.00 34.30 0.00 0.00 0.00 0.00 0.00 0.00 0.00 0.00 0.00 0.00
6 2004 9163.07 0.00 0.00 0.00 463.58 0.00 0.00 34.30 0.00 0.00 0.00 0.00 0.00 0.00 0.00 0.00 0.00 0.00
7 2004 9503.76 0.00 0.00 0.00 463.58 0.00 0.00 34.30 0.00 0.00 0.00 0.00 0.00 0.00 0.00 0.00 0.00 0.00
8 2004 6422.44 0.00 0.00 0.00 463.58 0.00 0.00 34.30 0.00 0.00 0.00 0.00 0.00 0.00 0.00 0.00 0.00 0.00
9 2004 5495.02 0.00 0.00 0.00 463.58 0.00 0.00 34.30 0.00 0.00 0.00 0.00 0.00 0.00 0.00 0.00 0.00 0.00
10 2004 5442.02 0.00 0.00 0.00 463.58 0.00 0.00 34.30 0.00 0.00 0.00 0.00 0.00 0.00 0.00 0.00 0.00 0.00
11 2004 6774.49 0.00 0.00 0.00 463.58 0.00 0.00 34.30 0.00 0.00 0.00 0.00 0.00 0.00 0.00 0.00 0.00 0.00
12 2004 5695.65 0.00 0.00 0.00 463.58 0.00 0.00 34.30 0.00 0.00 0.00 0.00 0.00 0.00 0.00 0.00 0.00 0.00
1 2005 5797.85 0.00 0.00 0.00 463.58 0.00 0.00 34.30 0.00 0.00 0.00 0.00 0.00 0.00 0.00 0.00 0.00 0.00
2 2005 9.98 0.00 0.00 0.00 463.58 0.00 0.00 34.30 0.00 0.00 0.00 0.00 0.00 0.00 0.00 0.00 0.00 0.00
3 2005 9.98 0.00 0.00 0.00 463.58 0.00 0.00 34.30 0.00 0.00 0.00 0.00 0.00 0.00 0.00 0.00 0.00 0.00
4 2005 9.98 0.00 0.00 0.00 463.58 0.00 0.00 34.30 0.00 0.00 0.00 0.00 0.00 0.00 0.00 0.00 0.00 0.00
5 2005 9.98 0.00 0.00 0.00 463.58 0.00 0.00 34.30 0.00 0.00 0.00 0.00 0.00 0.00 0.00 0.00 0.00 0.00
6 2005 9.98 0.00 0.00 0.00 463.58 0.00 0.00 34.30 0.00 0.00 0.00 0.00 0.00 0.00 0.00 0.00 0.00 0.00
7 2005 9.98 0.00 0.00 0.00 463.58 0.00 0.00 34.30 0.00 0.00 0.00 0.00 0.00 0.00 0.00 0.00 0.00 0.00
8 2005 9.98 0.00 0.00 0.00 463.58 0.00 0.00 34.30 0.00 0.00 0.00 0.00 0.00 0.00 0.00 0.00 0.00 0.00
9 2005 4534.67 0.00 0.00 0.00 463.58 0.00 0.00 34.30 0.00 0.00 0.00 0.00 0.00 0.00 0.00 0.00 0.00 0.00
10 2005 3757.52 0.00 0.00 0.00 463.58 0.00 0.00 34.30 0.00 0.00 0.00 0.00 0.00 0.00 0.00 0.00 0.00 0.00
11 2005 4026.28 0.00 0.00 0.00 463.58 0.00 0.00 34.30 0.00 0.00 0.00 0.00 0.00 0.00 0.00 0.00 0.00 0.00
12 2005 4166.35 0.00 0.00 0.00 463.58 0.00 0.00 34.30 0.00 0.00 0.00 0.00 0.00 0.00 0.00 0.00 0.00 0.00
1 2006 3776.45 0.00 0.00 0.00 463.58 0.00 0.00 34.30 0.00 0.00 0.00 0.00 0.00 0.00 0.00 0.00 0.00 0.00
2 2006 3753.74 0.00 0.00 0.00 463.58 0.00 0.00 34.30 0.00 0.00 0.00 0.00 0.00 0.00 0.00 0.00 0.00 0.00
3 2006 5199.76 0.00 0.00 0.00 463.58 0.00 0.00 34.30 0.00 0.00 0.00 0.00 0.00 0.00 0.00 0.00 0.00 0.00
4 2006 8477.92 0.00 0.00 0.00 463.58 0.00 0.00 34.30 0.00 0.00 0.00 0.00 0.00 0.00 0.00 0.00 0.00 0.00
5 2006 7084.89 0.00 0.00 0.00 463.58 0.00 0.00 34.30 0.00 0.00 0.00 0.00 0.00 0.00 0.00 0.00 0.00 0.00
6 2006 4541.10 0.00 0.00 0.00 463.58 0.00 0.00 34.30 0.00 0.00 0.00 0.00 0.00 0.00 0.00 0.00 0.00 0.00
7 2006 6115.83 0.00 0.00 0.00 463.58 0.00 0.00 34.30 0.00 0.00 0.00 0.00 0.00 0.00 0.00 0.00 0.00 0.00
8 2006 7770.05 0.00 0.00 0.00 463.58 0.00 0.00 34.30 0.00 0.00 0.00 0.00 0.00 0.00 0.00 0.00 0.00 0.00
9 2006 9.98 0.00 0.00 0.00 0.46 0.00 0.00 0.00 0.00 0.00 0.00 0.00 0.00 0.00 0.00 0.00 0.00 0.00
10 2006 9.98 0.00 0.00 0.00 0.46 0.00 0.00 0.00 0.00 0.00 0.00 0.00 0.00 0.00 0.00 0.00 0.00 0.00
11 2006 9.98 0.00 0.00 0.00 0.46 0.00 0.00 0.00 0.00 0.00 0.00 0.00 0.00 0.00 0.00 0.00 0.00 0.00
12 2006 9.98 0.00 0.00 0.00 0.46 0.00 0.00 0.00 0.00 0.00 0.00 0.00 0.00 0.00 0.00 0.00 0.00 0.00
