Written by i_SWAT





1 1983 8612.98 0.00 0.00 0.00 1136.18 0.00 0.00 84.12 0.00 0.00 0.00 0.00 0.00 0.00 0.00 0.00 0.00 0.00
2 1983 9112.74 0.00 0.00 0.00 1136.18 0.00 0.00 84.12 0.00 0.00 0.00 0.00 0.00 0.00 0.00 0.00 0.00 0.00
3 1983 11394.38 0.00 0.00 0.00 1136.18 0.00 0.00 84.12 0.00 0.00 0.00 0.00 0.00 0.00 0.00 0.00 0.00 0.00
4 1983 14465.45 0.00 0.00 0.00 1160.22 0.00 0.00 85.90 0.00 0.00 0.00 0.00 0.00 0.00 0.00 0.00 0.00 0.00
5 1983 16295.36 0.00 0.00 0.00 1160.22 0.00 0.00 85.90 0.00 0.00 0.00 0.00 0.00 0.00 0.00 0.00 0.00 0.00
6 1983 16089.42 0.00 0.00 0.00 1136.18 0.00 0.00 84.12 0.00 0.00 0.00 0.00 0.00 0.00 0.00 0.00 0.00 0.00
7 1983 14299.13 0.00 0.00 0.00 1136.18 0.00 0.00 84.12 0.00 0.00 0.00 0.00 0.00 0.00 0.00 0.00 0.00 0.00
8 1983 11456.91 0.00 0.00 0.00 1136.18 0.00 0.00 84.12 0.00 0.00 0.00 0.00 0.00 0.00 0.00 0.00 0.00 0.00
9 1983 10268.11 0.00 0.00 0.00 1136.18 0.00 0.00 84.12 0.00 0.00 0.00 0.00 0.00 0.00 0.00 0.00 0.00 0.00
10 1983 10874.98 0.00 0.00 0.00 1160.22 0.00 0.00 85.90 0.00 0.00 0.00 0.00 0.00 0.00 0.00 0.00 0.00 0.00
11 1983 12110.56 0.00 0.00 0.00 1136.18 0.00 0.00 84.12 0.00 0.00 0.00 0.00 0.00 0.00 0.00 0.00 0.00 0.00
12 1983 9105.86 0.00 0.00 0.00 1136.18 0.00 0.00 84.12 0.00 0.00 0.00 0.00 0.00 0.00 0.00 0.00 0.00 0.00
1 1984 8612.98 0.00 0.00 0.00 1136.18 0.00 0.00 84.12 0.00 0.00 0.00 0.00 0.00 0.00 0.00 0.00 0.00 0.00
2 1984 9112.74 0.00 0.00 0.00 1136.18 0.00 0.00 84.12 0.00 0.00 0.00 0.00 0.00 0.00 0.00 0.00 0.00 0.00
3 1984 11394.38 0.00 0.00 0.00 1136.18 0.00 0.00 84.12 0.00 0.00 0.00 0.00 0.00 0.00 0.00 0.00 0.00 0.00
4 1984 14465.45 0.00 0.00 0.00 1160.22 0.00 0.00 85.90 0.00 0.00 0.00 0.00 0.00 0.00 0.00 0.00 0.00 0.00
5 1984 16295.36 0.00 0.00 0.00 1160.22 0.00 0.00 85.90 0.00 0.00 0.00 0.00 0.00 0.00 0.00 0.00 0.00 0.00
6 1984 16089.42 0.00 0.00 0.00 1136.18 0.00 0.00 84.12 0.00 0.00 0.00 0.00 0.00 0.00 0.00 0.00 0.00 0.00
7 1984 14299.13 0.00 0.00 0.00 1136.18 0.00 0.00 84.12 0.00 0.00 0.00 0.00 0.00 0.00 0.00 0.00 0.00 0.00
8 1984 11456.91 0.00 0.00 0.00 1136.18 0.00 0.00 84.12 0.00 0.00 0.00 0.00 0.00 0.00 0.00 0.00 0.00 0.00
9 1984 10268.11 0.00 0.00 0.00 1136.18 0.00 0.00 84.12 0.00 0.00 0.00 0.00 0.00 0.00 0.00 0.00 0.00 0.00
10 1984 10874.98 0.00 0.00 0.00 1160.22 0.00 0.00 85.90 0.00 0.00 0.00 0.00 0.00 0.00 0.00 0.00 0.00 0.00
11 1984 12110.56 0.00 0.00 0.00 1136.18 0.00 0.00 84.12 0.00 0.00 0.00 0.00 0.00 0.00 0.00 0.00 0.00 0.00
12 1984 9105.86 0.00 0.00 0.00 1136.18 0.00 0.00 84.12 0.00 0.00 0.00 0.00 0.00 0.00 0.00 0.00 0.00 0.00
1 1985 8612.98 0.00 0.00 0.00 1136.18 0.00 0.00 84.12 0.00 0.00 0.00 0.00 0.00 0.00 0.00 0.00 0.00 0.00
2 1985 9112.74 0.00 0.00 0.00 1136.18 0.00 0.00 84.12 0.00 0.00 0.00 0.00 0.00 0.00 0.00 0.00 0.00 0.00
3 1985 11394.38 0.00 0.00 0.00 1136.18 0.00 0.00 84.12 0.00 0.00 0.00 0.00 0.00 0.00 0.00 0.00 0.00 0.00
4 1985 14465.45 0.00 0.00 0.00 1160.22 0.00 0.00 85.90 0.00 0.00 0.00 0.00 0.00 0.00 0.00 0.00 0.00 0.00
5 1985 16295.36 0.00 0.00 0.00 1160.22 0.00 0.00 85.90 0.00 0.00 0.00 0.00 0.00 0.00 0.00 0.00 0.00 0.00
6 1985 16089.42 0.00 0.00 0.00 1136.18 0.00 0.00 84.12 0.00 0.00 0.00 0.00 0.00 0.00 0.00 0.00 0.00 0.00
7 1985 14299.13 0.00 0.00 0.00 1136.18 0.00 0.00 84.12 0.00 0.00 0.00 0.00 0.00 0.00 0.00 0.00 0.00 0.00
8 1985 11456.91 0.00 0.00 0.00 1136.18 0.00 0.00 84.12 0.00 0.00 0.00 0.00 0.00 0.00 0.00 0.00 0.00 0.00
9 1985 10268.11 0.00 0.00 0.00 1136.18 0.00 0.00 84.12 0.00 0.00 0.00 0.00 0.00 0.00 0.00 0.00 0.00 0.00
10 1985 10874.98 0.00 0.00 0.00 1160.22 0.00 0.00 85.90 0.00 0.00 0.00 0.00 0.00 0.00 0.00 0.00 0.00 0.00
11 1985 12110.56 0.00 0.00 0.00 1136.18 0.00 0.00 84.12 0.00 0.00 0.00 0.00 0.00 0.00 0.00 0.00 0.00 0.00
12 1985 9105.86 0.00 0.00 0.00 1136.18 0.00 0.00 84.12 0.00 0.00 0.00 0.00 0.00 0.00 0.00 0.00 0.00 0.00
1 1986 8612.98 0.00 0.00 0.00 1136.18 0.00 0.00 84.12 0.00 0.00 0.00 0.00 0.00 0.00 0.00 0.00 0.00 0.00
2 1986 9112.74 0.00 0.00 0.00 1136.18 0.00 0.00 84.12 0.00 0.00 0.00 0.00 0.00 0.00 0.00 0.00 0.00 0.00
3 1986 11394.38 0.00 0.00 0.00 1136.18 0.00 0.00 84.12 0.00 0.00 0.00 0.00 0.00 0.00 0.00 0.00 0.00 0.00
4 1986 14465.45 0.00 0.00 0.00 1160.22 0.00 0.00 85.90 0.00 0.00 0.00 0.00 0.00 0.00 0.00 0.00 0.00 0.00
5 1986 16295.36 0.00 0.00 0.00 1160.22 0.00 0.00 85.90 0.00 0.00 0.00 0.00 0.00 0.00 0.00 0.00 0.00 0.00
6 1986 16089.42 0.00 0.00 0.00 1136.18 0.00 0.00 84.12 0.00 0.00 0.00 0.00 0.00 0.00 0.00 0.00 0.00 0.00
7 1986 14299.13 0.00 0.00 0.00 1136.18 0.00 0.00 84.12 0.00 0.00 0.00 0.00 0.00 0.00 0.00 0.00 0.00 0.00
8 1986 11456.91 0.00 0.00 0.00 1136.18 0.00 0.00 84.12 0.00 0.00 0.00 0.00 0.00 0.00 0.00 0.00 0.00 0.00
9 1986 10268.11 0.00 0.00 0.00 1136.18 0.00 0.00 84.12 0.00 0.00 0.00 0.00 0.00 0.00 0.00 0.00 0.00 0.00
10 1986 10874.98 0.00 0.00 0.00 1160.22 0.00 0.00 85.90 0.00 0.00 0.00 0.00 0.00 0.00 0.00 0.00 0.00 0.00
11 1986 12110.56 0.00 0.00 0.00 1136.18 0.00 0.00 84.12 0.00 0.00 0.00 0.00 0.00 0.00 0.00 0.00 0.00 0.00
12 1986 9105.86 0.00 0.00 0.00 1136.18 0.00 0.00 84.12 0.00 0.00 0.00 0.00 0.00 0.00 0.00 0.00 0.00 0.00
1 1987 8612.98 0.00 0.00 0.00 1136.18 0.00 0.00 84.12 0.00 0.00 0.00 0.00 0.00 0.00 0.00 0.00 0.00 0.00
2 1987 9112.74 0.00 0.00 0.00 1136.18 0.00 0.00 84.12 0.00 0.00 0.00 0.00 0.00 0.00 0.00 0.00 0.00 0.00
3 1987 11394.38 0.00 0.00 0.00 1136.18 0.00 0.00 84.12 0.00 0.00 0.00 0.00 0.00 0.00 0.00 0.00 0.00 0.00
4 1987 14465.45 0.00 0.00 0.00 1160.22 0.00 0.00 85.90 0.00 0.00 0.00 0.00 0.00 0.00 0.00 0.00 0.00 0.00
5 1987 16295.36 0.00 0.00 0.00 1160.22 0.00 0.00 85.90 0.00 0.00 0.00 0.00 0.00 0.00 0.00 0.00 0.00 0.00
6 1987 16089.42 0.00 0.00 0.00 1136.18 0.00 0.00 84.12 0.00 0.00 0.00 0.00 0.00 0.00 0.00 0.00 0.00 0.00
7 1987 14299.13 0.00 0.00 0.00 1136.18 0.00 0.00 84.12 0.00 0.00 0.00 0.00 0.00 0.00 0.00 0.00 0.00 0.00
8 1987 11456.91 0.00 0.00 0.00 1136.18 0.00 0.00 84.12 0.00 0.00 0.00 0.00 0.00 0.00 0.00 0.00 0.00 0.00
9 1987 10268.11 0.00 0.00 0.00 1136.18 0.00 0.00 84.12 0.00 0.00 0.00 0.00 0.00 0.00 0.00 0.00 0.00 0.00
10 1987 10874.98 0.00 0.00 0.00 1160.22 0.00 0.00 85.90 0.00 0.00 0.00 0.00 0.00 0.00 0.00 0.00 0.00 0.00
11 1987 12110.56 0.00 0.00 0.00 1136.18 0.00 0.00 84.12 0.00 0.00 0.00 0.00 0.00 0.00 0.00 0.00 0.00 0.00
12 1987 9105.86 0.00 0.00 0.00 1136.18 0.00 0.00 84.12 0.00 0.00 0.00 0.00 0.00 0.00 0.00 0.00 0.00 0.00
1 1988 8612.98 0.00 0.00 0.00 1136.18 0.00 0.00 84.12 0.00 0.00 0.00 0.00 0.00 0.00 0.00 0.00 0.00 0.00
2 1988 9112.74 0.00 0.00 0.00 1136.18 0.00 0.00 84.12 0.00 0.00 0.00 0.00 0.00 0.00 0.00 0.00 0.00 0.00
3 1988 11394.38 0.00 0.00 0.00 1136.18 0.00 0.00 84.12 0.00 0.00 0.00 0.00 0.00 0.00 0.00 0.00 0.00 0.00
4 1988 14465.45 0.00 0.00 0.00 1160.22 0.00 0.00 85.90 0.00 0.00 0.00 0.00 0.00 0.00 0.00 0.00 0.00 0.00
5 1988 16295.36 0.00 0.00 0.00 1160.22 0.00 0.00 85.90 0.00 0.00 0.00 0.00 0.00 0.00 0.00 0.00 0.00 0.00
6 1988 16089.42 0.00 0.00 0.00 1136.18 0.00 0.00 84.12 0.00 0.00 0.00 0.00 0.00 0.00 0.00 0.00 0.00 0.00
7 1988 14299.13 0.00 0.00 0.00 1136.18 0.00 0.00 84.12 0.00 0.00 0.00 0.00 0.00 0.00 0.00 0.00 0.00 0.00
8 1988 11456.91 0.00 0.00 0.00 1136.18 0.00 0.00 84.12 0.00 0.00 0.00 0.00 0.00 0.00 0.00 0.00 0.00 0.00
9 1988 10268.11 0.00 0.00 0.00 1136.18 0.00 0.00 84.12 0.00 0.00 0.00 0.00 0.00 0.00 0.00 0.00 0.00 0.00
10 1988 10874.98 0.00 0.00 0.00 1160.22 0.00 0.00 85.90 0.00 0.00 0.00 0.00 0.00 0.00 0.00 0.00 0.00 0.00
11 1988 12110.56 0.00 0.00 0.00 1136.18 0.00 0.00 84.12 0.00 0.00 0.00 0.00 0.00 0.00 0.00 0.00 0.00 0.00
12 1988 9105.86 0.00 0.00 0.00 1136.18 0.00 0.00 84.12 0.00 0.00 0.00 0.00 0.00 0.00 0.00 0.00 0.00 0.00
1 1989 8612.98 0.00 0.00 0.00 1136.18 0.00 0.00 84.12 0.00 0.00 0.00 0.00 0.00 0.00 0.00 0.00 0.00 0.00
2 1989 9112.74 0.00 0.00 0.00 1136.18 0.00 0.00 84.12 0.00 0.00 0.00 0.00 0.00 0.00 0.00 0.00 0.00 0.00
3 1989 11394.38 0.00 0.00 0.00 1136.18 0.00 0.00 84.12 0.00 0.00 0.00 0.00 0.00 0.00 0.00 0.00 0.00 0.00
4 1989 14465.45 0.00 0.00 0.00 1160.22 0.00 0.00 85.90 0.00 0.00 0.00 0.00 0.00 0.00 0.00 0.00 0.00 0.00
5 1989 16295.36 0.00 0.00 0.00 1160.22 0.00 0.00 85.90 0.00 0.00 0.00 0.00 0.00 0.00 0.00 0.00 0.00 0.00
6 1989 16089.42 0.00 0.00 0.00 1136.18 0.00 0.00 84.12 0.00 0.00 0.00 0.00 0.00 0.00 0.00 0.00 0.00 0.00
7 1989 14299.13 0.00 0.00 0.00 1136.18 0.00 0.00 84.12 0.00 0.00 0.00 0.00 0.00 0.00 0.00 0.00 0.00 0.00
8 1989 11456.91 0.00 0.00 0.00 1136.18 0.00 0.00 84.12 0.00 0.00 0.00 0.00 0.00 0.00 0.00 0.00 0.00 0.00
9 1989 10268.11 0.00 0.00 0.00 1136.18 0.00 0.00 84.12 0.00 0.00 0.00 0.00 0.00 0.00 0.00 0.00 0.00 0.00
10 1989 10874.98 0.00 0.00 0.00 1160.22 0.00 0.00 85.90 0.00 0.00 0.00 0.00 0.00 0.00 0.00 0.00 0.00 0.00
11 1989 12110.56 0.00 0.00 0.00 1136.18 0.00 0.00 84.12 0.00 0.00 0.00 0.00 0.00 0.00 0.00 0.00 0.00 0.00
12 1989 9105.86 0.00 0.00 0.00 1136.18 0.00 0.00 84.12 0.00 0.00 0.00 0.00 0.00 0.00 0.00 0.00 0.00 0.00
1 1990 8612.98 0.00 0.00 0.00 1136.18 0.00 0.00 84.12 0.00 0.00 0.00 0.00 0.00 0.00 0.00 0.00 0.00 0.00
2 1990 9112.74 0.00 0.00 0.00 1136.18 0.00 0.00 84.12 0.00 0.00 0.00 0.00 0.00 0.00 0.00 0.00 0.00 0.00
3 1990 11394.38 0.00 0.00 0.00 1136.18 0.00 0.00 84.12 0.00 0.00 0.00 0.00 0.00 0.00 0.00 0.00 0.00 0.00
4 1990 14465.45 0.00 0.00 0.00 1160.22 0.00 0.00 85.90 0.00 0.00 0.00 0.00 0.00 0.00 0.00 0.00 0.00 0.00
5 1990 16295.36 0.00 0.00 0.00 1160.22 0.00 0.00 85.90 0.00 0.00 0.00 0.00 0.00 0.00 0.00 0.00 0.00 0.00
6 1990 16089.42 0.00 0.00 0.00 1136.18 0.00 0.00 84.12 0.00 0.00 0.00 0.00 0.00 0.00 0.00 0.00 0.00 0.00
7 1990 14299.13 0.00 0.00 0.00 1136.18 0.00 0.00 84.12 0.00 0.00 0.00 0.00 0.00 0.00 0.00 0.00 0.00 0.00
8 1990 11456.91 0.00 0.00 0.00 1136.18 0.00 0.00 84.12 0.00 0.00 0.00 0.00 0.00 0.00 0.00 0.00 0.00 0.00
9 1990 10268.11 0.00 0.00 0.00 1136.18 0.00 0.00 84.12 0.00 0.00 0.00 0.00 0.00 0.00 0.00 0.00 0.00 0.00
10 1990 10874.98 0.00 0.00 0.00 1160.22 0.00 0.00 85.90 0.00 0.00 0.00 0.00 0.00 0.00 0.00 0.00 0.00 0.00
11 1990 12110.56 0.00 0.00 0.00 1136.18 0.00 0.00 84.12 0.00 0.00 0.00 0.00 0.00 0.00 0.00 0.00 0.00 0.00
12 1990 9105.86 0.00 0.00 0.00 1136.18 0.00 0.00 84.12 0.00 0.00 0.00 0.00 0.00 0.00 0.00 0.00 0.00 0.00
1 1991 8612.98 0.00 0.00 0.00 1136.18 0.00 0.00 84.12 0.00 0.00 0.00 0.00 0.00 0.00 0.00 0.00 0.00 0.00
2 1991 9112.74 0.00 0.00 0.00 1136.18 0.00 0.00 84.12 0.00 0.00 0.00 0.00 0.00 0.00 0.00 0.00 0.00 0.00
3 1991 11394.38 0.00 0.00 0.00 1136.18 0.00 0.00 84.12 0.00 0.00 0.00 0.00 0.00 0.00 0.00 0.00 0.00 0.00
4 1991 14465.45 0.00 0.00 0.00 1160.22 0.00 0.00 85.90 0.00 0.00 0.00 0.00 0.00 0.00 0.00 0.00 0.00 0.00
5 1991 16295.36 0.00 0.00 0.00 1160.22 0.00 0.00 85.90 0.00 0.00 0.00 0.00 0.00 0.00 0.00 0.00 0.00 0.00
6 1991 16089.42 0.00 0.00 0.00 1136.18 0.00 0.00 84.12 0.00 0.00 0.00 0.00 0.00 0.00 0.00 0.00 0.00 0.00
7 1991 14299.13 0.00 0.00 0.00 1136.18 0.00 0.00 84.12 0.00 0.00 0.00 0.00 0.00 0.00 0.00 0.00 0.00 0.00
8 1991 11456.91 0.00 0.00 0.00 1136.18 0.00 0.00 84.12 0.00 0.00 0.00 0.00 0.00 0.00 0.00 0.00 0.00 0.00
9 1991 10268.11 0.00 0.00 0.00 1136.18 0.00 0.00 84.12 0.00 0.00 0.00 0.00 0.00 0.00 0.00 0.00 0.00 0.00
10 1991 10874.98 0.00 0.00 0.00 1160.22 0.00 0.00 85.90 0.00 0.00 0.00 0.00 0.00 0.00 0.00 0.00 0.00 0.00
11 1991 12110.56 0.00 0.00 0.00 1136.18 0.00 0.00 84.12 0.00 0.00 0.00 0.00 0.00 0.00 0.00 0.00 0.00 0.00
12 1991 9105.86 0.00 0.00 0.00 1136.18 0.00 0.00 84.12 0.00 0.00 0.00 0.00 0.00 0.00 0.00 0.00 0.00 0.00
1 1992 8612.98 0.00 0.00 0.00 1136.18 0.00 0.00 84.12 0.00 0.00 0.00 0.00 0.00 0.00 0.00 0.00 0.00 0.00
2 1992 9112.74 0.00 0.00 0.00 1136.18 0.00 0.00 84.12 0.00 0.00 0.00 0.00 0.00 0.00 0.00 0.00 0.00 0.00
3 1992 11394.38 0.00 0.00 0.00 1136.18 0.00 0.00 84.12 0.00 0.00 0.00 0.00 0.00 0.00 0.00 0.00 0.00 0.00
4 1992 14465.45 0.00 0.00 0.00 1160.22 0.00 0.00 85.90 0.00 0.00 0.00 0.00 0.00 0.00 0.00 0.00 0.00 0.00
5 1992 16295.36 0.00 0.00 0.00 1160.22 0.00 0.00 85.90 0.00 0.00 0.00 0.00 0.00 0.00 0.00 0.00 0.00 0.00
6 1992 16089.42 0.00 0.00 0.00 1136.18 0.00 0.00 84.12 0.00 0.00 0.00 0.00 0.00 0.00 0.00 0.00 0.00 0.00
7 1992 14299.13 0.00 0.00 0.00 1136.18 0.00 0.00 84.12 0.00 0.00 0.00 0.00 0.00 0.00 0.00 0.00 0.00 0.00
8 1992 11456.91 0.00 0.00 0.00 1136.18 0.00 0.00 84.12 0.00 0.00 0.00 0.00 0.00 0.00 0.00 0.00 0.00 0.00
9 1992 10268.11 0.00 0.00 0.00 1136.18 0.00 0.00 84.12 0.00 0.00 0.00 0.00 0.00 0.00 0.00 0.00 0.00 0.00
10 1992 10874.98 0.00 0.00 0.00 1160.22 0.00 0.00 85.90 0.00 0.00 0.00 0.00 0.00 0.00 0.00 0.00 0.00 0.00
11 1992 12110.56 0.00 0.00 0.00 1136.18 0.00 0.00 84.12 0.00 0.00 0.00 0.00 0.00 0.00 0.00 0.00 0.00 0.00
12 1992 9105.86 0.00 0.00 0.00 1136.18 0.00 0.00 84.12 0.00 0.00 0.00 0.00 0.00 0.00 0.00 0.00 0.00 0.00
1 1993 8612.98 0.00 0.00 0.00 1136.18 0.00 0.00 84.12 0.00 0.00 0.00 0.00 0.00 0.00 0.00 0.00 0.00 0.00
2 1993 9112.74 0.00 0.00 0.00 1136.18 0.00 0.00 84.12 0.00 0.00 0.00 0.00 0.00 0.00 0.00 0.00 0.00 0.00
3 1993 11394.38 0.00 0.00 0.00 1136.18 0.00 0.00 84.12 0.00 0.00 0.00 0.00 0.00 0.00 0.00 0.00 0.00 0.00
4 1993 12687.77 0.00 0.00 0.00 1160.22 0.00 0.00 85.90 0.00 0.00 0.00 0.00 0.00 0.00 0.00 0.00 0.00 0.00
5 1993 11832.96 0.00 0.00 0.00 1160.22 0.00 0.00 85.90 0.00 0.00 0.00 0.00 0.00 0.00 0.00 0.00 0.00 0.00
6 1993 14703.67 0.00 0.00 0.00 1136.18 0.00 0.00 84.12 0.00 0.00 0.00 0.00 0.00 0.00 0.00 0.00 0.00 0.00
7 1993 22037.36 0.00 0.00 0.00 1136.18 0.00 0.00 84.12 0.00 0.00 0.00 0.00 0.00 0.00 0.00 0.00 0.00 0.00
8 1993 11304.03 0.00 0.00 0.00 1136.18 0.00 0.00 84.12 0.00 0.00 0.00 0.00 0.00 0.00 0.00 0.00 0.00 0.00
9 1993 11001.89 0.00 0.00 0.00 1136.18 0.00 0.00 84.12 0.00 0.00 0.00 0.00 0.00 0.00 0.00 0.00 0.00 0.00
10 1993 12080.77 0.00 0.00 0.00 1160.22 0.00 0.00 85.90 0.00 0.00 0.00 0.00 0.00 0.00 0.00 0.00 0.00 0.00
11 1993 8907.53 0.00 0.00 0.00 1136.18 0.00 0.00 84.12 0.00 0.00 0.00 0.00 0.00 0.00 0.00 0.00 0.00 0.00
12 1993 9360.06 0.00 0.00 0.00 1136.18 0.00 0.00 84.12 0.00 0.00 0.00 0.00 0.00 0.00 0.00 0.00 0.00 0.00
1 1994 7596.75 0.00 0.00 0.00 1136.18 0.00 0.00 84.12 0.00 0.00 0.00 0.00 0.00 0.00 0.00 0.00 0.00 0.00
2 1994 9624.35 0.00 0.00 0.00 1136.18 0.00 0.00 84.12 0.00 0.00 0.00 0.00 0.00 0.00 0.00 0.00 0.00 0.00
3 1994 13441.41 0.00 0.00 0.00 1136.18 0.00 0.00 84.12 0.00 0.00 0.00 0.00 0.00 0.00 0.00 0.00 0.00 0.00
4 1994 9027.29 0.00 0.00 0.00 1160.22 0.00 0.00 85.90 0.00 0.00 0.00 0.00 0.00 0.00 0.00 0.00 0.00 0.00
5 1994 8543.44 0.00 0.00 0.00 1160.22 0.00 0.00 85.90 0.00 0.00 0.00 0.00 0.00 0.00 0.00 0.00 0.00 0.00
6 1994 8983.93 0.00 0.00 0.00 1136.18 0.00 0.00 84.12 0.00 0.00 0.00 0.00 0.00 0.00 0.00 0.00 0.00 0.00
7 1994 9197.29 0.00 0.00 0.00 1136.18 0.00 0.00 84.12 0.00 0.00 0.00 0.00 0.00 0.00 0.00 0.00 0.00 0.00
8 1994 7897.17 0.00 0.00 0.00 1136.18 0.00 0.00 84.12 0.00 0.00 0.00 0.00 0.00 0.00 0.00 0.00 0.00 0.00
9 1994 7595.03 0.00 0.00 0.00 1136.18 0.00 0.00 84.12 0.00 0.00 0.00 0.00 0.00 0.00 0.00 0.00 0.00 0.00
10 1994 8673.91 0.00 0.00 0.00 1160.22 0.00 0.00 85.90 0.00 0.00 0.00 0.00 0.00 0.00 0.00 0.00 0.00 0.00
11 1994 7204.10 0.00 0.00 0.00 1136.18 0.00 0.00 84.12 0.00 0.00 0.00 0.00 0.00 0.00 0.00 0.00 0.00 0.00
12 1994 8610.55 0.00 0.00 0.00 1136.18 0.00 0.00 84.12 0.00 0.00 0.00 0.00 0.00 0.00 0.00 0.00 0.00 0.00
1 1995 8633.95 0.00 0.00 0.00 1136.18 0.00 0.00 84.12 0.00 0.00 0.00 0.00 0.00 0.00 0.00 0.00 0.00 0.00
2 1995 9276.09 0.00 0.00 0.00 1136.18 0.00 0.00 84.12 0.00 0.00 0.00 0.00 0.00 0.00 0.00 0.00 0.00 0.00
3 1995 13698.82 0.00 0.00 0.00 1136.18 0.00 0.00 84.12 0.00 0.00 0.00 0.00 0.00 0.00 0.00 0.00 0.00 0.00
4 1995 17440.86 0.00 0.00 0.00 1160.22 0.00 0.00 85.90 0.00 0.00 0.00 0.00 0.00 0.00 0.00 0.00 0.00 0.00
5 1995 12327.81 0.00 0.00 0.00 474.39 0.00 0.00 35.11 0.00 0.00 0.00 0.00 0.00 0.00 0.00 0.00 0.00 0.00
6 1995 14090.09 0.00 0.00 0.00 1136.18 0.00 0.00 84.12 0.00 0.00 0.00 0.00 0.00 0.00 0.00 0.00 0.00 0.00
7 1995 13476.85 0.00 0.00 0.00 1136.18 0.00 0.00 84.12 0.00 0.00 0.00 0.00 0.00 0.00 0.00 0.00 0.00 0.00
8 1995 13681.26 0.00 0.00 0.00 1160.22 0.00 0.00 85.90 0.00 0.00 0.00 0.00 0.00 0.00 0.00 0.00 0.00 0.00
9 1995 11648.50 0.00 0.00 0.00 1136.18 0.00 0.00 84.12 0.00 0.00 0.00 0.00 0.00 0.00 0.00 0.00 0.00 0.00
10 1995 12992.32 0.00 0.00 0.00 1136.18 0.00 0.00 84.12 0.00 0.00 0.00 0.00 0.00 0.00 0.00 0.00 0.00 0.00
11 1995 14809.31 0.00 0.00 0.00 1160.22 0.00 0.00 85.90 0.00 0.00 0.00 0.00 0.00 0.00 0.00 0.00 0.00 0.00
12 1995 15532.33 0.00 0.00 0.00 1160.22 0.00 0.00 85.90 0.00 0.00 0.00 0.00 0.00 0.00 0.00 0.00 0.00 0.00
1 1996 8014.52 0.00 0.00 0.00 1136.18 0.00 0.00 84.12 0.00 0.00 0.00 0.00 0.00 0.00 0.00 0.00 0.00 0.00
2 1996 11080.70 0.00 0.00 0.00 1136.18 0.00 0.00 84.12 0.00 0.00 0.00 0.00 0.00 0.00 0.00 0.00 0.00 0.00
3 1996 8393.06 0.00 0.00 0.00 1136.18 0.00 0.00 84.12 0.00 0.00 0.00 0.00 0.00 0.00 0.00 0.00 0.00 0.00
4 1996 11652.29 0.00 0.00 0.00 1160.22 0.00 0.00 85.90 0.00 0.00 0.00 0.00 0.00 0.00 0.00 0.00 0.00 0.00
5 1996 17788.42 0.00 0.00 0.00 1160.22 0.00 0.00 85.90 0.00 0.00 0.00 0.00 0.00 0.00 0.00 0.00 0.00 0.00
6 1996 14570.83 0.00 0.00 0.00 1136.18 0.00 0.00 84.12 0.00 0.00 0.00 0.00 0.00 0.00 0.00 0.00 0.00 0.00
7 1996 14059.80 0.00 0.00 0.00 1136.18 0.00 0.00 84.12 0.00 0.00 0.00 0.00 0.00 0.00 0.00 0.00 0.00 0.00
8 1996 13401.14 0.00 0.00 0.00 1136.18 0.00 0.00 84.12 0.00 0.00 0.00 0.00 0.00 0.00 0.00 0.00 0.00 0.00
9 1996 12110.32 0.00 0.00 0.00 1160.22 0.00 0.00 85.90 0.00 0.00 0.00 0.00 0.00 0.00 0.00 0.00 0.00 0.00
10 1996 11478.16 0.00 0.00 0.00 1136.18 0.00 0.00 84.12 0.00 0.00 0.00 0.00 0.00 0.00 0.00 0.00 0.00 0.00
11 1996 12496.43 0.00 0.00 0.00 1136.18 0.00 0.00 84.12 0.00 0.00 0.00 0.00 0.00 0.00 0.00 0.00 0.00 0.00
12 1996 13465.50 0.00 0.00 0.00 1136.18 0.00 0.00 84.12 0.00 0.00 0.00 0.00 0.00 0.00 0.00 0.00 0.00 0.00
1 1997 16418.11 0.00 0.00 0.00 1136.18 0.00 0.00 84.12 0.00 0.00 0.00 0.00 0.00 0.00 0.00 0.00 0.00 0.00
2 1997 11251.04 0.00 0.00 0.00 1136.18 0.00 0.00 84.12 0.00 0.00 0.00 0.00 0.00 0.00 0.00 0.00 0.00 0.00
3 1997 14733.61 0.00 0.00 0.00 1160.22 0.00 0.00 85.90 0.00 0.00 0.00 0.00 0.00 0.00 0.00 0.00 0.00 0.00
4 1997 13056.67 0.00 0.00 0.00 1160.22 0.00 0.00 85.90 0.00 0.00 0.00 0.00 0.00 0.00 0.00 0.00 0.00 0.00
5 1997 13700.19 0.00 0.00 0.00 1136.18 0.00 0.00 84.12 0.00 0.00 0.00 0.00 0.00 0.00 0.00 0.00 0.00 0.00
6 1997 18670.42 0.00 0.00 0.00 1136.18 0.00 0.00 84.12 0.00 0.00 0.00 0.00 0.00 0.00 0.00 0.00 0.00 0.00
7 1997 10221.41 0.00 0.00 0.00 1136.18 0.00 0.00 84.12 0.00 0.00 0.00 0.00 0.00 0.00 0.00 0.00 0.00 0.00
8 1997 10247.91 0.00 0.00 0.00 1136.18 0.00 0.00 84.12 0.00 0.00 0.00 0.00 0.00 0.00 0.00 0.00 0.00 0.00
9 1997 11599.29 0.00 0.00 0.00 1160.22 0.00 0.00 85.90 0.00 0.00 0.00 0.00 0.00 0.00 0.00 0.00 0.00 0.00
10 1997 10713.51 0.00 0.00 0.00 1160.22 0.00 0.00 85.90 0.00 0.00 0.00 0.00 0.00 0.00 0.00 0.00 0.00 0.00
11 1997 37756.41 0.00 0.00 0.00 1136.18 0.00 0.00 84.12 0.00 0.00 0.00 0.00 0.00 0.00 0.00 0.00 0.00 0.00
12 1997 7189.30 0.00 0.00 0.00 1136.18 0.00 0.00 84.12 0.00 0.00 0.00 0.00 0.00 0.00 0.00 0.00 0.00 0.00
1 1998 8086.44 0.00 0.00 0.00 1136.18 0.00 0.00 84.12 0.00 0.00 0.00 0.00 0.00 0.00 0.00 0.00 0.00 0.00
2 1998 9630.89 0.00 0.00 0.00 1136.18 0.00 0.00 84.12 0.00 0.00 0.00 0.00 0.00 0.00 0.00 0.00 0.00 0.00
3 1998 13859.18 0.00 0.00 0.00 1136.18 0.00 0.00 84.12 0.00 0.00 0.00 0.00 0.00 0.00 0.00 0.00 0.00 0.00
4 1998 15653.46 0.00 0.00 0.00 1160.22 0.00 0.00 85.90 0.00 0.00 0.00 0.00 0.00 0.00 0.00 0.00 0.00 0.00
5 1998 12492.65 0.00 0.00 0.00 1160.22 0.00 0.00 85.90 0.00 0.00 0.00 0.00 0.00 0.00 0.00 0.00 0.00 0.00
6 1998 20146.73 0.00 0.00 0.00 1160.22 0.00 0.00 85.90 0.00 0.00 0.00 0.00 0.00 0.00 0.00 0.00 0.00 0.00
7 1998 19268.52 0.00 0.00 0.00 1136.18 0.00 0.00 84.12 0.00 0.00 0.00 0.00 0.00 0.00 0.00 0.00 0.00 0.00
8 1998 19881.75 0.00 0.00 0.00 1136.18 0.00 0.00 84.12 0.00 0.00 0.00 0.00 0.00 0.00 0.00 0.00 0.00 0.00
9 1998 15411.19 0.00 0.00 0.00 1136.18 0.00 0.00 84.12 0.00 0.00 0.00 0.00 0.00 0.00 0.00 0.00 0.00 0.00
10 1998 14037.09 0.00 0.00 0.00 1160.22 0.00 0.00 85.90 0.00 0.00 0.00 0.00 0.00 0.00 0.00 0.00 0.00 0.00
11 1998 16910.21 0.00 0.00 0.00 1160.22 0.00 0.00 85.90 0.00 0.00 0.00 0.00 0.00 0.00 0.00 0.00 0.00 0.00
12 1998 8843.52 0.00 0.00 0.00 1136.18 0.00 0.00 84.12 0.00 0.00 0.00 0.00 0.00 0.00 0.00 0.00 0.00 0.00
1 1999 7749.54 0.00 0.00 0.00 1136.18 0.00 0.00 84.12 0.00 0.00 0.00 0.00 0.00 0.00 0.00 0.00 0.00 0.00
2 1999 10198.70 0.00 0.00 0.00 1136.18 0.00 0.00 84.12 0.00 0.00 0.00 0.00 0.00 0.00 0.00 0.00 0.00 0.00
3 1999 12363.95 0.00 0.00 0.00 1136.18 0.00 0.00 84.12 0.00 0.00 0.00 0.00 0.00 0.00 0.00 0.00 0.00 0.00
4 1999 25291.09 0.00 0.00 0.00 1136.18 0.00 0.00 84.12 0.00 0.00 0.00 0.00 0.00 0.00 0.00 0.00 0.00 0.00
5 1999 22175.70 0.00 0.00 0.00 1160.22 0.00 0.00 85.90 0.00 0.00 0.00 0.00 0.00 0.00 0.00 0.00 0.00 0.00
6 1999 30064.48 0.00 0.00 0.00 1136.18 0.00 0.00 84.12 0.00 0.00 0.00 0.00 0.00 0.00 0.00 0.00 0.00 0.00
7 1999 19450.21 0.00 0.00 0.00 1136.18 0.00 0.00 84.12 0.00 0.00 0.00 0.00 0.00 0.00 0.00 0.00 0.00 0.00
8 1999 18530.36 0.00 0.00 0.00 1136.18 0.00 0.00 84.12 0.00 0.00 0.00 0.00 0.00 0.00 0.00 0.00 0.00 0.00
9 1999 10558.31 0.00 0.00 0.00 1136.18 0.00 0.00 84.12 0.00 0.00 0.00 0.00 0.00 0.00 0.00 0.00 0.00 0.00
10 1999 12000.55 0.00 0.00 0.00 1160.22 0.00 0.00 85.90 0.00 0.00 0.00 0.00 0.00 0.00 0.00 0.00 0.00 0.00
11 1999 9112.29 0.00 0.00 0.00 1160.22 0.00 0.00 85.90 0.00 0.00 0.00 0.00 0.00 0.00 0.00 0.00 0.00 0.00
12 1999 9312.91 0.00 0.00 0.00 1136.18 0.00 0.00 84.12 0.00 0.00 0.00 0.00 0.00 0.00 0.00 0.00 0.00 0.00
1 2000 7757.11 0.00 0.00 0.00 1136.18 0.00 0.00 84.12 0.00 0.00 0.00 0.00 0.00 0.00 0.00 0.00 0.00 0.00
2 2000 9343.20 0.00 0.00 0.00 1136.18 0.00 0.00 84.12 0.00 0.00 0.00 0.00 0.00 0.00 0.00 0.00 0.00 0.00
3 2000 8517.98 0.00 0.00 0.00 1136.18 0.00 0.00 84.12 0.00 0.00 0.00 0.00 0.00 0.00 0.00 0.00 0.00 0.00
4 2000 9188.00 0.00 0.00 0.00 1160.22 0.00 0.00 85.90 0.00 0.00 0.00 0.00 0.00 0.00 0.00 0.00 0.00 0.00
5 2000 10001.86 0.00 0.00 0.00 1160.22 0.00 0.00 85.90 0.00 0.00 0.00 0.00 0.00 0.00 0.00 0.00 0.00 0.00
6 2000 8900.30 0.00 0.00 0.00 1136.18 0.00 0.00 84.12 0.00 0.00 0.00 0.00 0.00 0.00 0.00 0.00 0.00 0.00
7 2000 12295.81 0.00 0.00 0.00 1136.18 0.00 0.00 84.12 0.00 0.00 0.00 0.00 0.00 0.00 0.00 0.00 0.00 0.00
8 2000 7658.69 0.00 0.00 0.00 1136.18 0.00 0.00 84.12 0.00 0.00 0.00 0.00 0.00 0.00 0.00 0.00 0.00 0.00
9 2000 7681.41 0.00 0.00 0.00 1136.18 0.00 0.00 84.12 0.00 0.00 0.00 0.00 0.00 0.00 0.00 0.00 0.00 0.00
10 2000 8767.82 0.00 0.00 0.00 1160.22 0.00 0.00 85.90 0.00 0.00 0.00 0.00 0.00 0.00 0.00 0.00 0.00 0.00
11 2000 9820.16 0.00 0.00 0.00 1160.22 0.00 0.00 85.90 0.00 0.00 0.00 0.00 0.00 0.00 0.00 0.00 0.00 0.00
12 2000 7526.20 0.00 0.00 0.00 1136.18 0.00 0.00 84.12 0.00 0.00 0.00 0.00 0.00 0.00 0.00 0.00 0.00 0.00
1 2001 8635.33 0.00 0.00 0.00 1136.18 0.00 0.00 84.12 0.00 0.00 0.00 0.00 0.00 0.00 0.00 0.00 0.00 0.00
2 2001 11016.34 0.00 0.00 0.00 1136.18 0.00 0.00 84.12 0.00 0.00 0.00 0.00 0.00 0.00 0.00 0.00 0.00 0.00
3 2001 12098.97 0.00 0.00 0.00 1136.18 0.00 0.00 84.12 0.00 0.00 0.00 0.00 0.00 0.00 0.00 0.00 0.00 0.00
4 2001 15263.56 0.00 0.00 0.00 1160.22 0.00 0.00 85.90 0.00 0.00 0.00 0.00 0.00 0.00 0.00 0.00 0.00 0.00
5 2001 13666.12 0.00 0.00 0.00 1160.22 0.00 0.00 85.90 0.00 0.00 0.00 0.00 0.00 0.00 0.00 0.00 0.00 0.00
6 2001 12008.12 0.00 0.00 0.00 1136.18 0.00 0.00 84.12 0.00 0.00 0.00 0.00 0.00 0.00 0.00 0.00 0.00 0.00
7 2001 8483.91 0.00 0.00 0.00 1136.18 0.00 0.00 84.12 0.00 0.00 0.00 0.00 0.00 0.00 0.00 0.00 0.00 0.00
8 2001 8343.85 0.00 0.00 0.00 1136.18 0.00 0.00 84.12 0.00 0.00 0.00 0.00 0.00 0.00 0.00 0.00 0.00 0.00
9 2001 12186.03 0.00 0.00 0.00 1136.18 0.00 0.00 84.12 0.00 0.00 0.00 0.00 0.00 0.00 0.00 0.00 0.00 0.00
10 2001 9948.86 0.00 0.00 0.00 1160.22 0.00 0.00 85.90 0.00 0.00 0.00 0.00 0.00 0.00 0.00 0.00 0.00 0.00
11 2001 8707.25 0.00 0.00 0.00 1160.22 0.00 0.00 85.90 0.00 0.00 0.00 0.00 0.00 0.00 0.00 0.00 0.00 0.00
12 2001 7265.01 0.00 0.00 0.00 1136.18 0.00 0.00 84.12 0.00 0.00 0.00 0.00 0.00 0.00 0.00 0.00 0.00 0.00
1 2002 7556.49 0.00 0.00 0.00 1136.18 0.00 0.00 84.12 0.00 0.00 0.00 0.00 0.00 0.00 0.00 0.00 0.00 0.00
2 2002 4778.00 0.00 0.00 0.00 1136.18 0.00 0.00 84.12 0.00 0.00 0.00 0.00 0.00 0.00 0.00 0.00 0.00 0.00
3 2002 5224.68 0.00 0.00 0.00 1136.18 0.00 0.00 84.12 0.00 0.00 0.00 0.00 0.00 0.00 0.00 0.00 0.00 0.00
4 2002 11110.98 0.00 0.00 0.00 1160.22 0.00 0.00 85.90 0.00 0.00 0.00 0.00 0.00 0.00 0.00 0.00 0.00 0.00
5 2002 6352.73 0.00 0.00 0.00 1160.22 0.00 0.00 85.90 0.00 0.00 0.00 0.00 0.00 0.00 0.00 0.00 0.00 0.00
6 2002 9876.94 0.00 0.00 0.00 1136.18 0.00 0.00 84.12 0.00 0.00 0.00 0.00 0.00 0.00 0.00 0.00 0.00 0.00
7 2002 4179.91 0.00 0.00 0.00 1136.18 0.00 0.00 84.12 0.00 0.00 0.00 0.00 0.00 0.00 0.00 0.00 0.00 0.00
8 2002 5996.90 0.00 0.00 0.00 1136.18 0.00 0.00 84.12 0.00 0.00 0.00 0.00 0.00 0.00 0.00 0.00 0.00 0.00
9 2002 8567.19 0.00 0.00 0.00 1136.18 0.00 0.00 84.12 0.00 0.00 0.00 0.00 0.00 0.00 0.00 0.00 0.00 0.00
10 2002 10482.60 0.00 0.00 0.00 1160.22 0.00 0.00 85.90 0.00 0.00 0.00 0.00 0.00 0.00 0.00 0.00 0.00 0.00
11 2002 5383.67 0.00 0.00 0.00 1136.18 0.00 0.00 84.12 0.00 0.00 0.00 0.00 0.00 0.00 0.00 0.00 0.00 0.00
12 2002 7654.91 0.00 0.00 0.00 1136.18 0.00 0.00 84.12 0.00 0.00 0.00 0.00 0.00 0.00 0.00 0.00 0.00 0.00
1 2003 7034.10 0.00 0.00 0.00 1136.18 0.00 0.00 84.12 0.00 0.00 0.00 0.00 0.00 0.00 0.00 0.00 0.00 0.00
2 2003 7904.74 0.00 0.00 0.00 1136.18 0.00 0.00 84.12 0.00 0.00 0.00 0.00 0.00 0.00 0.00 0.00 0.00 0.00
3 2003 7847.96 0.00 0.00 0.00 1136.18 0.00 0.00 84.12 0.00 0.00 0.00 0.00 0.00 0.00 0.00 0.00 0.00 0.00
4 2003 19582.70 0.00 0.00 0.00 1160.22 0.00 0.00 85.90 0.00 0.00 0.00 0.00 0.00 0.00 0.00 0.00 0.00 0.00
5 2003 28353.47 0.00 0.00 0.00 1160.22 0.00 0.00 85.90 0.00 0.00 0.00 0.00 0.00 0.00 0.00 0.00 0.00 0.00
6 2003 13753.19 0.00 0.00 0.00 1136.18 0.00 0.00 84.12 0.00 0.00 0.00 0.00 0.00 0.00 0.00 0.00 0.00 0.00
7 2003 26623.55 0.00 0.00 0.00 1136.18 0.00 0.00 84.12 0.00 0.00 0.00 0.00 0.00 0.00 0.00 0.00 0.00 0.00
8 2003 10232.76 0.00 0.00 0.00 1136.18 0.00 0.00 84.12 0.00 0.00 0.00 0.00 0.00 0.00 0.00 0.00 0.00 0.00
9 2003 8684.54 0.00 0.00 0.00 1136.18 0.00 0.00 84.12 0.00 0.00 0.00 0.00 0.00 0.00 0.00 0.00 0.00 0.00
10 2003 9013.87 0.00 0.00 0.00 1160.22 0.00 0.00 85.90 0.00 0.00 0.00 0.00 0.00 0.00 0.00 0.00 0.00 0.00
11 2003 13416.29 0.00 0.00 0.00 1136.18 0.00 0.00 84.12 0.00 0.00 0.00 0.00 0.00 0.00 0.00 0.00 0.00 0.00
12 2003 8430.92 0.00 0.00 0.00 1136.18 0.00 0.00 84.12 0.00 0.00 0.00 0.00 0.00 0.00 0.00 0.00 0.00 0.00
1 2004 8275.71 0.00 0.00 0.00 1136.18 0.00 0.00 84.12 0.00 0.00 0.00 0.00 0.00 0.00 0.00 0.00 0.00 0.00
2 2004 4967.27 0.00 0.00 0.00 1136.18 0.00 0.00 84.12 0.00 0.00 0.00 0.00 0.00 0.00 0.00 0.00 0.00 0.00
3 2004 19033.82 0.00 0.00 0.00 1136.18 0.00 0.00 84.12 0.00 0.00 0.00 0.00 0.00 0.00 0.00 0.00 0.00 0.00
4 2004 14339.92 0.00 0.00 0.00 1160.22 0.00 0.00 85.90 0.00 0.00 0.00 0.00 0.00 0.00 0.00 0.00 0.00 0.00
5 2004 38282.58 0.00 0.00 0.00 1136.18 0.00 0.00 84.12 0.00 0.00 0.00 0.00 0.00 0.00 0.00 0.00 0.00 0.00
6 2004 33380.48 0.00 0.00 0.00 1136.18 0.00 0.00 84.12 0.00 0.00 0.00 0.00 0.00 0.00 0.00 0.00 0.00 0.00
7 2004 15316.56 0.00 0.00 0.00 1136.18 0.00 0.00 84.12 0.00 0.00 0.00 0.00 0.00 0.00 0.00 0.00 0.00 0.00
8 2004 11179.12 0.00 0.00 0.00 1136.18 0.00 0.00 84.12 0.00 0.00 0.00 0.00 0.00 0.00 0.00 0.00 0.00 0.00
9 2004 10039.71 0.00 0.00 0.00 1136.18 0.00 0.00 84.12 0.00 0.00 0.00 0.00 0.00 0.00 0.00 0.00 0.00 0.00
10 2004 11148.83 0.00 0.00 0.00 1160.22 0.00 0.00 85.90 0.00 0.00 0.00 0.00 0.00 0.00 0.00 0.00 0.00 0.00
11 2004 9634.67 0.00 0.00 0.00 1136.18 0.00 0.00 84.12 0.00 0.00 0.00 0.00 0.00 0.00 0.00 0.00 0.00 0.00
12 2004 7783.61 0.00 0.00 0.00 1136.18 0.00 0.00 84.12 0.00 0.00 0.00 0.00 0.00 0.00 0.00 0.00 0.00 0.00
1 2005 7408.86 0.00 0.00 0.00 1136.18 0.00 0.00 84.12 0.00 0.00 0.00 0.00 0.00 0.00 0.00 0.00 0.00 0.00
2 2005 12011.90 0.00 0.00 0.00 1136.18 0.00 0.00 84.12 0.00 0.00 0.00 0.00 0.00 0.00 0.00 0.00 0.00 0.00
3 2005 9365.91 0.00 0.00 0.00 1136.18 0.00 0.00 84.12 0.00 0.00 0.00 0.00 0.00 0.00 0.00 0.00 0.00 0.00
4 2005 13552.56 0.00 0.00 0.00 1160.22 0.00 0.00 85.90 0.00 0.00 0.00 0.00 0.00 0.00 0.00 0.00 0.00 0.00
5 2005 12950.68 0.00 0.00 0.00 1136.18 0.00 0.00 84.12 0.00 0.00 0.00 0.00 0.00 0.00 0.00 0.00 0.00 0.00
6 2005 11338.10 0.00 0.00 0.00 1136.18 0.00 0.00 84.12 0.00 0.00 0.00 0.00 0.00 0.00 0.00 0.00 0.00 0.00
7 2005 11277.54 0.00 0.00 0.00 1136.18 0.00 0.00 84.12 0.00 0.00 0.00 0.00 0.00 0.00 0.00 0.00 0.00 0.00
8 2005 10793.00 0.00 0.00 0.00 1136.18 0.00 0.00 84.12 0.00 0.00 0.00 0.00 0.00 0.00 0.00 0.00 0.00 0.00
9 2005 9051.72 0.00 0.00 0.00 1136.18 0.00 0.00 84.12 0.00 0.00 0.00 0.00 0.00 0.00 0.00 0.00 0.00 0.00
10 2005 8544.48 0.00 0.00 0.00 1160.22 0.00 0.00 85.90 0.00 0.00 0.00 0.00 0.00 0.00 0.00 0.00 0.00 0.00
11 2005 7760.90 0.00 0.00 0.00 1136.18 0.00 0.00 84.12 0.00 0.00 0.00 0.00 0.00 0.00 0.00 0.00 0.00 0.00
12 2005 8158.37 0.00 0.00 0.00 1136.18 0.00 0.00 84.12 0.00 0.00 0.00 0.00 0.00 0.00 0.00 0.00 0.00 0.00
1 2006 8801.88 0.00 0.00 0.00 1136.18 0.00 0.00 84.12 0.00 0.00 0.00 0.00 0.00 0.00 0.00 0.00 0.00 0.00
2 2006 7382.36 0.00 0.00 0.00 1136.18 0.00 0.00 84.12 0.00 0.00 0.00 0.00 0.00 0.00 0.00 0.00 0.00 0.00
3 2006 10115.42 0.00 0.00 0.00 1136.18 0.00 0.00 84.12 0.00 0.00 0.00 0.00 0.00 0.00 0.00 0.00 0.00 0.00
4 2006 13711.55 0.00 0.00 0.00 1160.22 0.00 0.00 85.90 0.00 0.00 0.00 0.00 0.00 0.00 0.00 0.00 0.00 0.00
5 2006 13439.00 0.00 0.00 0.00 1136.18 0.00 0.00 84.12 0.00 0.00 0.00 0.00 0.00 0.00 0.00 0.00 0.00 0.00
6 2006 9146.36 0.00 0.00 0.00 1136.18 0.00 0.00 84.12 0.00 0.00 0.00 0.00 0.00 0.00 0.00 0.00 0.00 0.00
7 2006 13075.60 0.00 0.00 0.00 1136.18 0.00 0.00 84.12 0.00 0.00 0.00 0.00 0.00 0.00 0.00 0.00 0.00 0.00
8 2006 15679.96 0.00 0.00 0.00 1136.18 0.00 0.00 84.12 0.00 0.00 0.00 0.00 0.00 0.00 0.00 0.00 0.00 0.00
9 2006 8.40 0.00 0.00 0.00 0.39 0.00 0.00 0.00 0.00 0.00 0.00 0.00 0.00 0.00 0.00 0.00 0.00 0.00
10 2006 8.40 0.00 0.00 0.00 0.39 0.00 0.00 0.00 0.00 0.00 0.00 0.00 0.00 0.00 0.00 0.00 0.00 0.00
11 2006 8.40 0.00 0.00 0.00 0.39 0.00 0.00 0.00 0.00 0.00 0.00 0.00 0.00 0.00 0.00 0.00 0.00 0.00
12 2006 8.40 0.00 0.00 0.00 0.39 0.00 0.00 0.00 0.00 0.00 0.00 0.00 0.00 0.00 0.00 0.00 0.00 0.00
