Written by i_SWAT





1 1983 1.71 0.00 0.00 0.00 167.91 0.00 0.00 12.43 0.00 0.00 0.00 0.00 0.00 0.00 0.00 0.00 0.00 0.00
2 1983 457.85 0.00 0.00 0.00 167.91 0.00 0.00 12.43 0.00 0.00 0.00 0.00 0.00 0.00 0.00 0.00 0.00 0.00
3 1983 1288.74 0.00 0.00 0.00 167.91 0.00 0.00 12.43 0.00 0.00 0.00 0.00 0.00 0.00 0.00 0.00 0.00 0.00
4 1983 181.52 0.00 0.00 0.00 167.91 0.00 0.00 12.43 0.00 0.00 0.00 0.00 0.00 0.00 0.00 0.00 0.00 0.00
5 1983 3175.10 0.00 0.00 0.00 791.14 0.00 0.00 58.59 0.00 0.00 0.00 0.00 0.00 0.00 0.00 0.00 0.00 0.00
6 1983 4470.10 0.00 0.00 0.00 791.14 0.00 0.00 58.59 0.00 0.00 0.00 0.00 0.00 0.00 0.00 0.00 0.00 0.00
7 1983 482.45 0.00 0.00 0.00 167.91 0.00 0.00 12.43 0.00 0.00 0.00 0.00 0.00 0.00 0.00 0.00 0.00 0.00
8 1983 298.86 0.00 0.00 0.00 167.91 0.00 0.00 12.43 0.00 0.00 0.00 0.00 0.00 0.00 0.00 0.00 0.00 0.00
9 1983 279.94 0.00 0.00 0.00 167.91 0.00 0.00 12.43 0.00 0.00 0.00 0.00 0.00 0.00 0.00 0.00 0.00 0.00
10 1983 3790.58 0.00 0.00 0.00 791.14 0.00 0.00 58.59 0.00 0.00 0.00 0.00 0.00 0.00 0.00 0.00 0.00 0.00
11 1983 2151.69 0.00 0.00 0.00 791.14 0.00 0.00 58.59 0.00 0.00 0.00 0.00 0.00 0.00 0.00 0.00 0.00 0.00
12 1983 162.59 0.00 0.00 0.00 167.91 0.00 0.00 12.43 0.00 0.00 0.00 0.00 0.00 0.00 0.00 0.00 0.00 0.00
1 1984 1.71 0.00 0.00 0.00 167.91 0.00 0.00 12.43 0.00 0.00 0.00 0.00 0.00 0.00 0.00 0.00 0.00 0.00
2 1984 457.85 0.00 0.00 0.00 167.91 0.00 0.00 12.43 0.00 0.00 0.00 0.00 0.00 0.00 0.00 0.00 0.00 0.00
3 1984 1288.74 0.00 0.00 0.00 167.91 0.00 0.00 12.43 0.00 0.00 0.00 0.00 0.00 0.00 0.00 0.00 0.00 0.00
4 1984 181.52 0.00 0.00 0.00 167.91 0.00 0.00 12.43 0.00 0.00 0.00 0.00 0.00 0.00 0.00 0.00 0.00 0.00
5 1984 3175.10 0.00 0.00 0.00 791.14 0.00 0.00 58.59 0.00 0.00 0.00 0.00 0.00 0.00 0.00 0.00 0.00 0.00
6 1984 4470.10 0.00 0.00 0.00 791.14 0.00 0.00 58.59 0.00 0.00 0.00 0.00 0.00 0.00 0.00 0.00 0.00 0.00
7 1984 482.45 0.00 0.00 0.00 167.91 0.00 0.00 12.43 0.00 0.00 0.00 0.00 0.00 0.00 0.00 0.00 0.00 0.00
8 1984 298.86 0.00 0.00 0.00 167.91 0.00 0.00 12.43 0.00 0.00 0.00 0.00 0.00 0.00 0.00 0.00 0.00 0.00
9 1984 279.94 0.00 0.00 0.00 167.91 0.00 0.00 12.43 0.00 0.00 0.00 0.00 0.00 0.00 0.00 0.00 0.00 0.00
10 1984 3790.58 0.00 0.00 0.00 791.14 0.00 0.00 58.59 0.00 0.00 0.00 0.00 0.00 0.00 0.00 0.00 0.00 0.00
11 1984 2151.69 0.00 0.00 0.00 791.14 0.00 0.00 58.59 0.00 0.00 0.00 0.00 0.00 0.00 0.00 0.00 0.00 0.00
12 1984 162.59 0.00 0.00 0.00 167.91 0.00 0.00 12.43 0.00 0.00 0.00 0.00 0.00 0.00 0.00 0.00 0.00 0.00
1 1985 1.71 0.00 0.00 0.00 167.91 0.00 0.00 12.43 0.00 0.00 0.00 0.00 0.00 0.00 0.00 0.00 0.00 0.00
2 1985 457.85 0.00 0.00 0.00 167.91 0.00 0.00 12.43 0.00 0.00 0.00 0.00 0.00 0.00 0.00 0.00 0.00 0.00
3 1985 1288.74 0.00 0.00 0.00 167.91 0.00 0.00 12.43 0.00 0.00 0.00 0.00 0.00 0.00 0.00 0.00 0.00 0.00
4 1985 181.52 0.00 0.00 0.00 167.91 0.00 0.00 12.43 0.00 0.00 0.00 0.00 0.00 0.00 0.00 0.00 0.00 0.00
5 1985 3175.10 0.00 0.00 0.00 791.14 0.00 0.00 58.59 0.00 0.00 0.00 0.00 0.00 0.00 0.00 0.00 0.00 0.00
6 1985 4470.10 0.00 0.00 0.00 791.14 0.00 0.00 58.59 0.00 0.00 0.00 0.00 0.00 0.00 0.00 0.00 0.00 0.00
7 1985 482.45 0.00 0.00 0.00 167.91 0.00 0.00 12.43 0.00 0.00 0.00 0.00 0.00 0.00 0.00 0.00 0.00 0.00
8 1985 298.86 0.00 0.00 0.00 167.91 0.00 0.00 12.43 0.00 0.00 0.00 0.00 0.00 0.00 0.00 0.00 0.00 0.00
9 1985 279.94 0.00 0.00 0.00 167.91 0.00 0.00 12.43 0.00 0.00 0.00 0.00 0.00 0.00 0.00 0.00 0.00 0.00
10 1985 3790.58 0.00 0.00 0.00 791.14 0.00 0.00 58.59 0.00 0.00 0.00 0.00 0.00 0.00 0.00 0.00 0.00 0.00
11 1985 2151.69 0.00 0.00 0.00 791.14 0.00 0.00 58.59 0.00 0.00 0.00 0.00 0.00 0.00 0.00 0.00 0.00 0.00
12 1985 162.59 0.00 0.00 0.00 167.91 0.00 0.00 12.43 0.00 0.00 0.00 0.00 0.00 0.00 0.00 0.00 0.00 0.00
1 1986 1.71 0.00 0.00 0.00 167.91 0.00 0.00 12.43 0.00 0.00 0.00 0.00 0.00 0.00 0.00 0.00 0.00 0.00
2 1986 457.85 0.00 0.00 0.00 167.91 0.00 0.00 12.43 0.00 0.00 0.00 0.00 0.00 0.00 0.00 0.00 0.00 0.00
3 1986 1288.74 0.00 0.00 0.00 167.91 0.00 0.00 12.43 0.00 0.00 0.00 0.00 0.00 0.00 0.00 0.00 0.00 0.00
4 1986 181.52 0.00 0.00 0.00 167.91 0.00 0.00 12.43 0.00 0.00 0.00 0.00 0.00 0.00 0.00 0.00 0.00 0.00
5 1986 3175.10 0.00 0.00 0.00 791.14 0.00 0.00 58.59 0.00 0.00 0.00 0.00 0.00 0.00 0.00 0.00 0.00 0.00
6 1986 4470.10 0.00 0.00 0.00 791.14 0.00 0.00 58.59 0.00 0.00 0.00 0.00 0.00 0.00 0.00 0.00 0.00 0.00
7 1986 482.45 0.00 0.00 0.00 167.91 0.00 0.00 12.43 0.00 0.00 0.00 0.00 0.00 0.00 0.00 0.00 0.00 0.00
8 1986 298.86 0.00 0.00 0.00 167.91 0.00 0.00 12.43 0.00 0.00 0.00 0.00 0.00 0.00 0.00 0.00 0.00 0.00
9 1986 279.94 0.00 0.00 0.00 167.91 0.00 0.00 12.43 0.00 0.00 0.00 0.00 0.00 0.00 0.00 0.00 0.00 0.00
10 1986 3790.58 0.00 0.00 0.00 791.14 0.00 0.00 58.59 0.00 0.00 0.00 0.00 0.00 0.00 0.00 0.00 0.00 0.00
11 1986 2151.69 0.00 0.00 0.00 791.14 0.00 0.00 58.59 0.00 0.00 0.00 0.00 0.00 0.00 0.00 0.00 0.00 0.00
12 1986 162.59 0.00 0.00 0.00 167.91 0.00 0.00 12.43 0.00 0.00 0.00 0.00 0.00 0.00 0.00 0.00 0.00 0.00
1 1987 1.71 0.00 0.00 0.00 167.91 0.00 0.00 12.43 0.00 0.00 0.00 0.00 0.00 0.00 0.00 0.00 0.00 0.00
2 1987 457.85 0.00 0.00 0.00 167.91 0.00 0.00 12.43 0.00 0.00 0.00 0.00 0.00 0.00 0.00 0.00 0.00 0.00
3 1987 1288.74 0.00 0.00 0.00 167.91 0.00 0.00 12.43 0.00 0.00 0.00 0.00 0.00 0.00 0.00 0.00 0.00 0.00
4 1987 181.52 0.00 0.00 0.00 167.91 0.00 0.00 12.43 0.00 0.00 0.00 0.00 0.00 0.00 0.00 0.00 0.00 0.00
5 1987 3175.10 0.00 0.00 0.00 791.14 0.00 0.00 58.59 0.00 0.00 0.00 0.00 0.00 0.00 0.00 0.00 0.00 0.00
6 1987 4470.10 0.00 0.00 0.00 791.14 0.00 0.00 58.59 0.00 0.00 0.00 0.00 0.00 0.00 0.00 0.00 0.00 0.00
7 1987 482.45 0.00 0.00 0.00 167.91 0.00 0.00 12.43 0.00 0.00 0.00 0.00 0.00 0.00 0.00 0.00 0.00 0.00
8 1987 298.86 0.00 0.00 0.00 167.91 0.00 0.00 12.43 0.00 0.00 0.00 0.00 0.00 0.00 0.00 0.00 0.00 0.00
9 1987 279.94 0.00 0.00 0.00 167.91 0.00 0.00 12.43 0.00 0.00 0.00 0.00 0.00 0.00 0.00 0.00 0.00 0.00
10 1987 3790.58 0.00 0.00 0.00 791.14 0.00 0.00 58.59 0.00 0.00 0.00 0.00 0.00 0.00 0.00 0.00 0.00 0.00
11 1987 2151.69 0.00 0.00 0.00 791.14 0.00 0.00 58.59 0.00 0.00 0.00 0.00 0.00 0.00 0.00 0.00 0.00 0.00
12 1987 162.59 0.00 0.00 0.00 167.91 0.00 0.00 12.43 0.00 0.00 0.00 0.00 0.00 0.00 0.00 0.00 0.00 0.00
1 1988 1.71 0.00 0.00 0.00 167.91 0.00 0.00 12.43 0.00 0.00 0.00 0.00 0.00 0.00 0.00 0.00 0.00 0.00
2 1988 457.85 0.00 0.00 0.00 167.91 0.00 0.00 12.43 0.00 0.00 0.00 0.00 0.00 0.00 0.00 0.00 0.00 0.00
3 1988 1288.74 0.00 0.00 0.00 167.91 0.00 0.00 12.43 0.00 0.00 0.00 0.00 0.00 0.00 0.00 0.00 0.00 0.00
4 1988 181.52 0.00 0.00 0.00 167.91 0.00 0.00 12.43 0.00 0.00 0.00 0.00 0.00 0.00 0.00 0.00 0.00 0.00
5 1988 3175.10 0.00 0.00 0.00 791.14 0.00 0.00 58.59 0.00 0.00 0.00 0.00 0.00 0.00 0.00 0.00 0.00 0.00
6 1988 4470.10 0.00 0.00 0.00 791.14 0.00 0.00 58.59 0.00 0.00 0.00 0.00 0.00 0.00 0.00 0.00 0.00 0.00
7 1988 482.45 0.00 0.00 0.00 167.91 0.00 0.00 12.43 0.00 0.00 0.00 0.00 0.00 0.00 0.00 0.00 0.00 0.00
8 1988 298.86 0.00 0.00 0.00 167.91 0.00 0.00 12.43 0.00 0.00 0.00 0.00 0.00 0.00 0.00 0.00 0.00 0.00
9 1988 279.94 0.00 0.00 0.00 167.91 0.00 0.00 12.43 0.00 0.00 0.00 0.00 0.00 0.00 0.00 0.00 0.00 0.00
10 1988 3790.58 0.00 0.00 0.00 791.14 0.00 0.00 58.59 0.00 0.00 0.00 0.00 0.00 0.00 0.00 0.00 0.00 0.00
11 1988 2151.69 0.00 0.00 0.00 791.14 0.00 0.00 58.59 0.00 0.00 0.00 0.00 0.00 0.00 0.00 0.00 0.00 0.00
12 1988 162.59 0.00 0.00 0.00 167.91 0.00 0.00 12.43 0.00 0.00 0.00 0.00 0.00 0.00 0.00 0.00 0.00 0.00
1 1989 1.71 0.00 0.00 0.00 167.91 0.00 0.00 12.43 0.00 0.00 0.00 0.00 0.00 0.00 0.00 0.00 0.00 0.00
2 1989 457.85 0.00 0.00 0.00 167.91 0.00 0.00 12.43 0.00 0.00 0.00 0.00 0.00 0.00 0.00 0.00 0.00 0.00
3 1989 1288.74 0.00 0.00 0.00 167.91 0.00 0.00 12.43 0.00 0.00 0.00 0.00 0.00 0.00 0.00 0.00 0.00 0.00
4 1989 181.52 0.00 0.00 0.00 167.91 0.00 0.00 12.43 0.00 0.00 0.00 0.00 0.00 0.00 0.00 0.00 0.00 0.00
5 1989 3175.10 0.00 0.00 0.00 791.14 0.00 0.00 58.59 0.00 0.00 0.00 0.00 0.00 0.00 0.00 0.00 0.00 0.00
6 1989 4470.10 0.00 0.00 0.00 791.14 0.00 0.00 58.59 0.00 0.00 0.00 0.00 0.00 0.00 0.00 0.00 0.00 0.00
7 1989 482.45 0.00 0.00 0.00 167.91 0.00 0.00 12.43 0.00 0.00 0.00 0.00 0.00 0.00 0.00 0.00 0.00 0.00
8 1989 298.86 0.00 0.00 0.00 167.91 0.00 0.00 12.43 0.00 0.00 0.00 0.00 0.00 0.00 0.00 0.00 0.00 0.00
9 1989 279.94 0.00 0.00 0.00 167.91 0.00 0.00 12.43 0.00 0.00 0.00 0.00 0.00 0.00 0.00 0.00 0.00 0.00
10 1989 3790.58 0.00 0.00 0.00 791.14 0.00 0.00 58.59 0.00 0.00 0.00 0.00 0.00 0.00 0.00 0.00 0.00 0.00
11 1989 2151.69 0.00 0.00 0.00 791.14 0.00 0.00 58.59 0.00 0.00 0.00 0.00 0.00 0.00 0.00 0.00 0.00 0.00
12 1989 162.59 0.00 0.00 0.00 167.91 0.00 0.00 12.43 0.00 0.00 0.00 0.00 0.00 0.00 0.00 0.00 0.00 0.00
1 1990 1.71 0.00 0.00 0.00 167.91 0.00 0.00 12.43 0.00 0.00 0.00 0.00 0.00 0.00 0.00 0.00 0.00 0.00
2 1990 457.85 0.00 0.00 0.00 167.91 0.00 0.00 12.43 0.00 0.00 0.00 0.00 0.00 0.00 0.00 0.00 0.00 0.00
3 1990 1288.74 0.00 0.00 0.00 167.91 0.00 0.00 12.43 0.00 0.00 0.00 0.00 0.00 0.00 0.00 0.00 0.00 0.00
4 1990 181.52 0.00 0.00 0.00 167.91 0.00 0.00 12.43 0.00 0.00 0.00 0.00 0.00 0.00 0.00 0.00 0.00 0.00
5 1990 3175.10 0.00 0.00 0.00 791.14 0.00 0.00 58.59 0.00 0.00 0.00 0.00 0.00 0.00 0.00 0.00 0.00 0.00
6 1990 4470.10 0.00 0.00 0.00 791.14 0.00 0.00 58.59 0.00 0.00 0.00 0.00 0.00 0.00 0.00 0.00 0.00 0.00
7 1990 482.45 0.00 0.00 0.00 167.91 0.00 0.00 12.43 0.00 0.00 0.00 0.00 0.00 0.00 0.00 0.00 0.00 0.00
8 1990 298.86 0.00 0.00 0.00 167.91 0.00 0.00 12.43 0.00 0.00 0.00 0.00 0.00 0.00 0.00 0.00 0.00 0.00
9 1990 279.94 0.00 0.00 0.00 167.91 0.00 0.00 12.43 0.00 0.00 0.00 0.00 0.00 0.00 0.00 0.00 0.00 0.00
10 1990 3790.58 0.00 0.00 0.00 791.14 0.00 0.00 58.59 0.00 0.00 0.00 0.00 0.00 0.00 0.00 0.00 0.00 0.00
11 1990 2151.69 0.00 0.00 0.00 791.14 0.00 0.00 58.59 0.00 0.00 0.00 0.00 0.00 0.00 0.00 0.00 0.00 0.00
12 1990 162.59 0.00 0.00 0.00 167.91 0.00 0.00 12.43 0.00 0.00 0.00 0.00 0.00 0.00 0.00 0.00 0.00 0.00
1 1991 1.71 0.00 0.00 0.00 167.91 0.00 0.00 12.43 0.00 0.00 0.00 0.00 0.00 0.00 0.00 0.00 0.00 0.00
2 1991 457.85 0.00 0.00 0.00 167.91 0.00 0.00 12.43 0.00 0.00 0.00 0.00 0.00 0.00 0.00 0.00 0.00 0.00
3 1991 1288.74 0.00 0.00 0.00 167.91 0.00 0.00 12.43 0.00 0.00 0.00 0.00 0.00 0.00 0.00 0.00 0.00 0.00
4 1991 181.52 0.00 0.00 0.00 167.91 0.00 0.00 12.43 0.00 0.00 0.00 0.00 0.00 0.00 0.00 0.00 0.00 0.00
5 1991 3175.10 0.00 0.00 0.00 791.14 0.00 0.00 58.59 0.00 0.00 0.00 0.00 0.00 0.00 0.00 0.00 0.00 0.00
6 1991 4470.10 0.00 0.00 0.00 791.14 0.00 0.00 58.59 0.00 0.00 0.00 0.00 0.00 0.00 0.00 0.00 0.00 0.00
7 1991 482.45 0.00 0.00 0.00 167.91 0.00 0.00 12.43 0.00 0.00 0.00 0.00 0.00 0.00 0.00 0.00 0.00 0.00
8 1991 298.86 0.00 0.00 0.00 167.91 0.00 0.00 12.43 0.00 0.00 0.00 0.00 0.00 0.00 0.00 0.00 0.00 0.00
9 1991 279.94 0.00 0.00 0.00 167.91 0.00 0.00 12.43 0.00 0.00 0.00 0.00 0.00 0.00 0.00 0.00 0.00 0.00
10 1991 3790.58 0.00 0.00 0.00 791.14 0.00 0.00 58.59 0.00 0.00 0.00 0.00 0.00 0.00 0.00 0.00 0.00 0.00
11 1991 2151.69 0.00 0.00 0.00 791.14 0.00 0.00 58.59 0.00 0.00 0.00 0.00 0.00 0.00 0.00 0.00 0.00 0.00
12 1991 162.59 0.00 0.00 0.00 167.91 0.00 0.00 12.43 0.00 0.00 0.00 0.00 0.00 0.00 0.00 0.00 0.00 0.00
1 1992 1.71 0.00 0.00 0.00 167.91 0.00 0.00 12.43 0.00 0.00 0.00 0.00 0.00 0.00 0.00 0.00 0.00 0.00
2 1992 457.85 0.00 0.00 0.00 167.91 0.00 0.00 12.43 0.00 0.00 0.00 0.00 0.00 0.00 0.00 0.00 0.00 0.00
3 1992 1288.74 0.00 0.00 0.00 167.91 0.00 0.00 12.43 0.00 0.00 0.00 0.00 0.00 0.00 0.00 0.00 0.00 0.00
4 1992 181.52 0.00 0.00 0.00 167.91 0.00 0.00 12.43 0.00 0.00 0.00 0.00 0.00 0.00 0.00 0.00 0.00 0.00
5 1992 3175.10 0.00 0.00 0.00 791.14 0.00 0.00 58.59 0.00 0.00 0.00 0.00 0.00 0.00 0.00 0.00 0.00 0.00
6 1992 4470.10 0.00 0.00 0.00 791.14 0.00 0.00 58.59 0.00 0.00 0.00 0.00 0.00 0.00 0.00 0.00 0.00 0.00
7 1992 482.45 0.00 0.00 0.00 167.91 0.00 0.00 12.43 0.00 0.00 0.00 0.00 0.00 0.00 0.00 0.00 0.00 0.00
8 1992 298.86 0.00 0.00 0.00 167.91 0.00 0.00 12.43 0.00 0.00 0.00 0.00 0.00 0.00 0.00 0.00 0.00 0.00
9 1992 4091.83 0.00 0.00 0.00 791.14 0.00 0.00 58.59 0.00 0.00 0.00 0.00 0.00 0.00 0.00 0.00 0.00 0.00
10 1992 3525.92 0.00 0.00 0.00 791.14 0.00 0.00 58.59 0.00 0.00 0.00 0.00 0.00 0.00 0.00 0.00 0.00 0.00
11 1992 1773.28 0.00 0.00 0.00 791.14 0.00 0.00 58.59 0.00 0.00 0.00 0.00 0.00 0.00 0.00 0.00 0.00 0.00
12 1992 162.59 0.00 0.00 0.00 167.91 0.00 0.00 12.43 0.00 0.00 0.00 0.00 0.00 0.00 0.00 0.00 0.00 0.00
1 1993 1.71 0.00 0.00 0.00 167.91 0.00 0.00 12.43 0.00 0.00 0.00 0.00 0.00 0.00 0.00 0.00 0.00 0.00
2 1993 457.85 0.00 0.00 0.00 167.91 0.00 0.00 12.43 0.00 0.00 0.00 0.00 0.00 0.00 0.00 0.00 0.00 0.00
3 1993 5100.64 0.00 0.00 0.00 791.14 0.00 0.00 58.59 0.00 0.00 0.00 0.00 0.00 0.00 0.00 0.00 0.00 0.00
4 1993 3993.41 0.00 0.00 0.00 791.14 0.00 0.00 58.59 0.00 0.00 0.00 0.00 0.00 0.00 0.00 0.00 0.00 0.00
5 1993 3813.61 0.00 0.00 0.00 791.14 0.00 0.00 58.59 0.00 0.00 0.00 0.00 0.00 0.00 0.00 0.00 0.00 0.00
6 1993 5289.91 0.00 0.00 0.00 791.14 0.00 0.00 58.59 0.00 0.00 0.00 0.00 0.00 0.00 0.00 0.00 0.00 0.00
7 1993 4298.14 0.00 0.00 0.00 791.14 0.00 0.00 58.59 0.00 0.00 0.00 0.00 0.00 0.00 0.00 0.00 0.00 0.00
8 1993 4549.87 0.00 0.00 0.00 791.14 0.00 0.00 58.59 0.00 0.00 0.00 0.00 0.00 0.00 0.00 0.00 0.00 0.00
9 1993 4530.94 0.00 0.00 0.00 791.14 0.00 0.00 58.59 0.00 0.00 0.00 0.00 0.00 0.00 0.00 0.00 0.00 0.00
10 1993 4521.48 0.00 0.00 0.00 791.14 0.00 0.00 58.59 0.00 0.00 0.00 0.00 0.00 0.00 0.00 0.00 0.00 0.00
11 1993 1.71 0.00 0.00 0.00 167.91 0.00 0.00 12.43 0.00 0.00 0.00 0.00 0.00 0.00 0.00 0.00 0.00 0.00
12 1993 162.59 0.00 0.00 0.00 167.91 0.00 0.00 12.43 0.00 0.00 0.00 0.00 0.00 0.00 0.00 0.00 0.00 0.00
1 1994 1.71 0.00 0.00 0.00 167.91 0.00 0.00 12.43 0.00 0.00 0.00 0.00 0.00 0.00 0.00 0.00 0.00 0.00
2 1994 457.85 0.00 0.00 0.00 167.91 0.00 0.00 12.43 0.00 0.00 0.00 0.00 0.00 0.00 0.00 0.00 0.00 0.00
3 1994 1288.74 0.00 0.00 0.00 167.91 0.00 0.00 12.43 0.00 0.00 0.00 0.00 0.00 0.00 0.00 0.00 0.00 0.00
4 1994 181.52 0.00 0.00 0.00 167.91 0.00 0.00 12.43 0.00 0.00 0.00 0.00 0.00 0.00 0.00 0.00 0.00 0.00
5 1994 2988.39 0.00 0.00 0.00 791.14 0.00 0.00 58.59 0.00 0.00 0.00 0.00 0.00 0.00 0.00 0.00 0.00 0.00
6 1994 1038.91 0.00 0.00 0.00 167.91 0.00 0.00 12.43 0.00 0.00 0.00 0.00 0.00 0.00 0.00 0.00 0.00 0.00
7 1994 482.45 0.00 0.00 0.00 167.91 0.00 0.00 12.43 0.00 0.00 0.00 0.00 0.00 0.00 0.00 0.00 0.00 0.00
8 1994 298.86 0.00 0.00 0.00 167.91 0.00 0.00 12.43 0.00 0.00 0.00 0.00 0.00 0.00 0.00 0.00 0.00 0.00
9 1994 279.94 0.00 0.00 0.00 167.91 0.00 0.00 12.43 0.00 0.00 0.00 0.00 0.00 0.00 0.00 0.00 0.00 0.00
10 1994 3260.94 0.00 0.00 0.00 791.14 0.00 0.00 58.59 0.00 0.00 0.00 0.00 0.00 0.00 0.00 0.00 0.00 0.00
11 1994 2481.15 0.00 0.00 0.00 791.14 0.00 0.00 58.59 0.00 0.00 0.00 0.00 0.00 0.00 0.00 0.00 0.00 0.00
12 1994 162.59 0.00 0.00 0.00 167.91 0.00 0.00 12.43 0.00 0.00 0.00 0.00 0.00 0.00 0.00 0.00 0.00 0.00
1 1995 1.71 0.00 0.00 0.00 167.91 0.00 0.00 12.43 0.00 0.00 0.00 0.00 0.00 0.00 0.00 0.00 0.00 0.00
2 1995 457.85 0.00 0.00 0.00 167.91 0.00 0.00 12.43 0.00 0.00 0.00 0.00 0.00 0.00 0.00 0.00 0.00 0.00
3 1995 1288.74 0.00 0.00 0.00 167.91 0.00 0.00 12.43 0.00 0.00 0.00 0.00 0.00 0.00 0.00 0.00 0.00 0.00
4 1995 3436.96 0.00 0.00 0.00 791.14 0.00 0.00 58.59 0.00 0.00 0.00 0.00 0.00 0.00 0.00 0.00 0.00 0.00
5 1995 3260.94 0.00 0.00 0.00 791.14 0.00 0.00 58.59 0.00 0.00 0.00 0.00 0.00 0.00 0.00 0.00 0.00 0.00
6 1995 4029.38 0.00 0.00 0.00 791.14 0.00 0.00 58.59 0.00 0.00 0.00 0.00 0.00 0.00 0.00 0.00 0.00 0.00
7 1995 482.45 0.00 0.00 0.00 167.91 0.00 0.00 12.43 0.00 0.00 0.00 0.00 0.00 0.00 0.00 0.00 0.00 0.00
8 1995 298.86 0.00 0.00 0.00 167.91 0.00 0.00 12.43 0.00 0.00 0.00 0.00 0.00 0.00 0.00 0.00 0.00 0.00
9 1995 279.94 0.00 0.00 0.00 167.91 0.00 0.00 12.43 0.00 0.00 0.00 0.00 0.00 0.00 0.00 0.00 0.00 0.00
10 1995 4082.37 0.00 0.00 0.00 791.14 0.00 0.00 58.59 0.00 0.00 0.00 0.00 0.00 0.00 0.00 0.00 0.00 0.00
11 1995 1773.28 0.00 0.00 0.00 791.14 0.00 0.00 58.59 0.00 0.00 0.00 0.00 0.00 0.00 0.00 0.00 0.00 0.00
12 1995 162.59 0.00 0.00 0.00 167.91 0.00 0.00 12.43 0.00 0.00 0.00 0.00 0.00 0.00 0.00 0.00 0.00 0.00
1 1996 1.71 0.00 0.00 0.00 167.91 0.00 0.00 12.43 0.00 0.00 0.00 0.00 0.00 0.00 0.00 0.00 0.00 0.00
2 1996 457.85 0.00 0.00 0.00 167.91 0.00 0.00 12.43 0.00 0.00 0.00 0.00 0.00 0.00 0.00 0.00 0.00 0.00
3 1996 1288.74 0.00 0.00 0.00 167.91 0.00 0.00 12.43 0.00 0.00 0.00 0.00 0.00 0.00 0.00 0.00 0.00 0.00
4 1996 3440.75 0.00 0.00 0.00 791.14 0.00 0.00 58.59 0.00 0.00 0.00 0.00 0.00 0.00 0.00 0.00 0.00 0.00
5 1996 3257.15 0.00 0.00 0.00 791.14 0.00 0.00 58.59 0.00 0.00 0.00 0.00 0.00 0.00 0.00 0.00 0.00 0.00
6 1996 3768.18 0.00 0.00 0.00 791.14 0.00 0.00 58.59 0.00 0.00 0.00 0.00 0.00 0.00 0.00 0.00 0.00 0.00
7 1996 482.45 0.00 0.00 0.00 167.91 0.00 0.00 12.43 0.00 0.00 0.00 0.00 0.00 0.00 0.00 0.00 0.00 0.00
8 1996 3690.58 0.00 0.00 0.00 791.14 0.00 0.00 58.59 0.00 0.00 0.00 0.00 0.00 0.00 0.00 0.00 0.00 0.00
9 1996 279.94 0.00 0.00 0.00 167.91 0.00 0.00 12.43 0.00 0.00 0.00 0.00 0.00 0.00 0.00 0.00 0.00 0.00
10 1996 1947.41 0.00 0.00 0.00 791.14 0.00 0.00 58.59 0.00 0.00 0.00 0.00 0.00 0.00 0.00 0.00 0.00 0.00
11 1996 2000.40 0.00 0.00 0.00 791.14 0.00 0.00 58.59 0.00 0.00 0.00 0.00 0.00 0.00 0.00 0.00 0.00 0.00
12 1996 162.59 0.00 0.00 0.00 167.91 0.00 0.00 12.43 0.00 0.00 0.00 0.00 0.00 0.00 0.00 0.00 0.00 0.00
1 1997 1.71 0.00 0.00 0.00 167.91 0.00 0.00 12.43 0.00 0.00 0.00 0.00 0.00 0.00 0.00 0.00 0.00 0.00
2 1997 457.85 0.00 0.00 0.00 167.91 0.00 0.00 12.43 0.00 0.00 0.00 0.00 0.00 0.00 0.00 0.00 0.00 0.00
3 1997 1670.31 0.00 0.00 0.00 791.14 0.00 0.00 58.59 0.00 0.00 0.00 0.00 0.00 0.00 0.00 0.00 0.00 0.00
4 1997 3440.75 0.00 0.00 0.00 791.14 0.00 0.00 58.59 0.00 0.00 0.00 0.00 0.00 0.00 0.00 0.00 0.00 0.00
5 1997 418.10 0.00 0.00 0.00 791.14 0.00 0.00 58.59 0.00 0.00 0.00 0.00 0.00 0.00 0.00 0.00 0.00 0.00
6 1997 1038.91 0.00 0.00 0.00 167.91 0.00 0.00 12.43 0.00 0.00 0.00 0.00 0.00 0.00 0.00 0.00 0.00 0.00
7 1997 482.45 0.00 0.00 0.00 167.91 0.00 0.00 12.43 0.00 0.00 0.00 0.00 0.00 0.00 0.00 0.00 0.00 0.00
8 1997 298.86 0.00 0.00 0.00 167.91 0.00 0.00 12.43 0.00 0.00 0.00 0.00 0.00 0.00 0.00 0.00 0.00 0.00
9 1997 279.94 0.00 0.00 0.00 167.91 0.00 0.00 12.43 0.00 0.00 0.00 0.00 0.00 0.00 0.00 0.00 0.00 0.00
10 1997 3529.70 0.00 0.00 0.00 791.14 0.00 0.00 58.59 0.00 0.00 0.00 0.00 0.00 0.00 0.00 0.00 0.00 0.00
11 1997 3257.15 0.00 0.00 0.00 791.14 0.00 0.00 58.59 0.00 0.00 0.00 0.00 0.00 0.00 0.00 0.00 0.00 0.00
12 1997 543.78 0.00 0.00 0.00 791.14 0.00 0.00 58.59 0.00 0.00 0.00 0.00 0.00 0.00 0.00 0.00 0.00 0.00
1 1998 1.71 0.00 0.00 0.00 167.91 0.00 0.00 12.43 0.00 0.00 0.00 0.00 0.00 0.00 0.00 0.00 0.00 0.00
2 1998 457.85 0.00 0.00 0.00 167.91 0.00 0.00 12.43 0.00 0.00 0.00 0.00 0.00 0.00 0.00 0.00 0.00 0.00
3 1998 1288.74 0.00 0.00 0.00 167.91 0.00 0.00 12.43 0.00 0.00 0.00 0.00 0.00 0.00 0.00 0.00 0.00 0.00
4 1998 3997.20 0.00 0.00 0.00 791.14 0.00 0.00 58.59 0.00 0.00 0.00 0.00 0.00 0.00 0.00 0.00 0.00 0.00
5 1998 3260.94 0.00 0.00 0.00 791.14 0.00 0.00 58.59 0.00 0.00 0.00 0.00 0.00 0.00 0.00 0.00 0.00 0.00
6 1998 1038.91 0.00 0.00 0.00 167.91 0.00 0.00 12.43 0.00 0.00 0.00 0.00 0.00 0.00 0.00 0.00 0.00 0.00
7 1998 4298.14 0.00 0.00 0.00 791.14 0.00 0.00 58.59 0.00 0.00 0.00 0.00 0.00 0.00 0.00 0.00 0.00 0.00
8 1998 298.86 0.00 0.00 0.00 167.91 0.00 0.00 12.43 0.00 0.00 0.00 0.00 0.00 0.00 0.00 0.00 0.00 0.00
9 1998 4091.83 0.00 0.00 0.00 791.14 0.00 0.00 58.59 0.00 0.00 0.00 0.00 0.00 0.00 0.00 0.00 0.00 0.00
10 1998 4082.37 0.00 0.00 0.00 791.14 0.00 0.00 58.59 0.00 0.00 0.00 0.00 0.00 0.00 0.00 0.00 0.00 0.00
11 1998 1.71 0.00 0.00 0.00 167.91 0.00 0.00 12.43 0.00 0.00 0.00 0.00 0.00 0.00 0.00 0.00 0.00 0.00
12 1998 162.59 0.00 0.00 0.00 167.91 0.00 0.00 12.43 0.00 0.00 0.00 0.00 0.00 0.00 0.00 0.00 0.00 0.00
1 1999 1.71 0.00 0.00 0.00 167.91 0.00 0.00 12.43 0.00 0.00 0.00 0.00 0.00 0.00 0.00 0.00 0.00 0.00
2 1999 457.85 0.00 0.00 0.00 167.91 0.00 0.00 12.43 0.00 0.00 0.00 0.00 0.00 0.00 0.00 0.00 0.00 0.00
3 1999 1288.74 0.00 0.00 0.00 167.91 0.00 0.00 12.43 0.00 0.00 0.00 0.00 0.00 0.00 0.00 0.00 0.00 0.00
4 1999 3993.41 0.00 0.00 0.00 791.14 0.00 0.00 58.59 0.00 0.00 0.00 0.00 0.00 0.00 0.00 0.00 0.00 0.00
5 1999 2730.98 0.00 0.00 0.00 791.14 0.00 0.00 58.59 0.00 0.00 0.00 0.00 0.00 0.00 0.00 0.00 0.00 0.00
6 1999 1038.91 0.00 0.00 0.00 167.91 0.00 0.00 12.43 0.00 0.00 0.00 0.00 0.00 0.00 0.00 0.00 0.00 0.00
7 1999 482.45 0.00 0.00 0.00 167.91 0.00 0.00 12.43 0.00 0.00 0.00 0.00 0.00 0.00 0.00 0.00 0.00 0.00
8 1999 298.86 0.00 0.00 0.00 167.91 0.00 0.00 12.43 0.00 0.00 0.00 0.00 0.00 0.00 0.00 0.00 0.00 0.00
9 1999 3535.38 0.00 0.00 0.00 791.14 0.00 0.00 58.59 0.00 0.00 0.00 0.00 0.00 0.00 0.00 0.00 0.00 0.00
10 1999 2503.86 0.00 0.00 0.00 791.14 0.00 0.00 58.59 0.00 0.00 0.00 0.00 0.00 0.00 0.00 0.00 0.00 0.00
11 1999 2235.09 0.00 0.00 0.00 791.14 0.00 0.00 58.59 0.00 0.00 0.00 0.00 0.00 0.00 0.00 0.00 0.00 0.00
12 1999 162.59 0.00 0.00 0.00 167.91 0.00 0.00 12.43 0.00 0.00 0.00 0.00 0.00 0.00 0.00 0.00 0.00 0.00
1 2000 1.71 0.00 0.00 0.00 167.91 0.00 0.00 12.43 0.00 0.00 0.00 0.00 0.00 0.00 0.00 0.00 0.00 0.00
2 2000 457.85 0.00 0.00 0.00 167.91 0.00 0.00 12.43 0.00 0.00 0.00 0.00 0.00 0.00 0.00 0.00 0.00 0.00
3 2000 1288.74 0.00 0.00 0.00 167.91 0.00 0.00 12.43 0.00 0.00 0.00 0.00 0.00 0.00 0.00 0.00 0.00 0.00
4 2000 181.52 0.00 0.00 0.00 167.91 0.00 0.00 12.43 0.00 0.00 0.00 0.00 0.00 0.00 0.00 0.00 0.00 0.00
5 2000 1.71 0.00 0.00 0.00 167.91 0.00 0.00 12.43 0.00 0.00 0.00 0.00 0.00 0.00 0.00 0.00 0.00 0.00
6 2000 1038.91 0.00 0.00 0.00 167.91 0.00 0.00 12.43 0.00 0.00 0.00 0.00 0.00 0.00 0.00 0.00 0.00 0.00
7 2000 482.45 0.00 0.00 0.00 167.91 0.00 0.00 12.43 0.00 0.00 0.00 0.00 0.00 0.00 0.00 0.00 0.00 0.00
8 2000 298.86 0.00 0.00 0.00 167.91 0.00 0.00 12.43 0.00 0.00 0.00 0.00 0.00 0.00 0.00 0.00 0.00 0.00
9 2000 279.94 0.00 0.00 0.00 167.91 0.00 0.00 12.43 0.00 0.00 0.00 0.00 0.00 0.00 0.00 0.00 0.00 0.00
10 2000 3525.92 0.00 0.00 0.00 791.14 0.00 0.00 58.59 0.00 0.00 0.00 0.00 0.00 0.00 0.00 0.00 0.00 0.00
11 2000 2730.98 0.00 0.00 0.00 791.14 0.00 0.00 58.59 0.00 0.00 0.00 0.00 0.00 0.00 0.00 0.00 0.00 0.00
12 2000 162.59 0.00 0.00 0.00 167.91 0.00 0.00 12.43 0.00 0.00 0.00 0.00 0.00 0.00 0.00 0.00 0.00 0.00
1 2001 1.71 0.00 0.00 0.00 167.91 0.00 0.00 12.43 0.00 0.00 0.00 0.00 0.00 0.00 0.00 0.00 0.00 0.00
2 2001 457.85 0.00 0.00 0.00 167.91 0.00 0.00 12.43 0.00 0.00 0.00 0.00 0.00 0.00 0.00 0.00 0.00 0.00
3 2001 1288.74 0.00 0.00 0.00 167.91 0.00 0.00 12.43 0.00 0.00 0.00 0.00 0.00 0.00 0.00 0.00 0.00 0.00
4 2001 3853.35 0.00 0.00 0.00 791.14 0.00 0.00 58.59 0.00 0.00 0.00 0.00 0.00 0.00 0.00 0.00 0.00 0.00
5 2001 2235.09 0.00 0.00 0.00 791.14 0.00 0.00 58.59 0.00 0.00 0.00 0.00 0.00 0.00 0.00 0.00 0.00 0.00
6 2001 2189.67 0.00 0.00 0.00 791.14 0.00 0.00 58.59 0.00 0.00 0.00 0.00 0.00 0.00 0.00 0.00 0.00 0.00
7 2001 482.45 0.00 0.00 0.00 167.91 0.00 0.00 12.43 0.00 0.00 0.00 0.00 0.00 0.00 0.00 0.00 0.00 0.00
8 2001 298.86 0.00 0.00 0.00 167.91 0.00 0.00 12.43 0.00 0.00 0.00 0.00 0.00 0.00 0.00 0.00 0.00 0.00
9 2001 279.94 0.00 0.00 0.00 167.91 0.00 0.00 12.43 0.00 0.00 0.00 0.00 0.00 0.00 0.00 0.00 0.00 0.00
10 2001 3942.31 0.00 0.00 0.00 791.14 0.00 0.00 58.59 0.00 0.00 0.00 0.00 0.00 0.00 0.00 0.00 0.00 0.00
11 2001 2730.98 0.00 0.00 0.00 791.14 0.00 0.00 58.59 0.00 0.00 0.00 0.00 0.00 0.00 0.00 0.00 0.00 0.00
12 2001 162.59 0.00 0.00 0.00 167.91 0.00 0.00 12.43 0.00 0.00 0.00 0.00 0.00 0.00 0.00 0.00 0.00 0.00
1 2002 1.71 0.00 0.00 0.00 167.91 0.00 0.00 12.43 0.00 0.00 0.00 0.00 0.00 0.00 0.00 0.00 0.00 0.00
2 2002 457.85 0.00 0.00 0.00 167.91 0.00 0.00 12.43 0.00 0.00 0.00 0.00 0.00 0.00 0.00 0.00 0.00 0.00
3 2002 1288.74 0.00 0.00 0.00 167.91 0.00 0.00 12.43 0.00 0.00 0.00 0.00 0.00 0.00 0.00 0.00 0.00 0.00
4 2002 181.52 0.00 0.00 0.00 167.91 0.00 0.00 12.43 0.00 0.00 0.00 0.00 0.00 0.00 0.00 0.00 0.00 0.00
5 2002 3257.15 0.00 0.00 0.00 791.14 0.00 0.00 58.59 0.00 0.00 0.00 0.00 0.00 0.00 0.00 0.00 0.00 0.00
6 2002 4294.35 0.00 0.00 0.00 791.14 0.00 0.00 58.59 0.00 0.00 0.00 0.00 0.00 0.00 0.00 0.00 0.00 0.00
7 2002 482.45 0.00 0.00 0.00 167.91 0.00 0.00 12.43 0.00 0.00 0.00 0.00 0.00 0.00 0.00 0.00 0.00 0.00
8 2002 298.86 0.00 0.00 0.00 167.91 0.00 0.00 12.43 0.00 0.00 0.00 0.00 0.00 0.00 0.00 0.00 0.00 0.00
9 2002 279.94 0.00 0.00 0.00 167.91 0.00 0.00 12.43 0.00 0.00 0.00 0.00 0.00 0.00 0.00 0.00 0.00 0.00
10 2002 270.47 0.00 0.00 0.00 167.91 0.00 0.00 12.43 0.00 0.00 0.00 0.00 0.00 0.00 0.00 0.00 0.00 0.00
11 2002 1.71 0.00 0.00 0.00 167.91 0.00 0.00 12.43 0.00 0.00 0.00 0.00 0.00 0.00 0.00 0.00 0.00 0.00
12 2002 162.59 0.00 0.00 0.00 167.91 0.00 0.00 12.43 0.00 0.00 0.00 0.00 0.00 0.00 0.00 0.00 0.00 0.00
1 2003 1.71 0.00 0.00 0.00 167.91 0.00 0.00 12.43 0.00 0.00 0.00 0.00 0.00 0.00 0.00 0.00 0.00 0.00
2 2003 457.85 0.00 0.00 0.00 167.91 0.00 0.00 12.43 0.00 0.00 0.00 0.00 0.00 0.00 0.00 0.00 0.00 0.00
3 2003 1288.74 0.00 0.00 0.00 167.91 0.00 0.00 12.43 0.00 0.00 0.00 0.00 0.00 0.00 0.00 0.00 0.00 0.00
4 2003 181.52 0.00 0.00 0.00 167.91 0.00 0.00 12.43 0.00 0.00 0.00 0.00 0.00 0.00 0.00 0.00 0.00 0.00
5 2003 4400.34 0.00 0.00 0.00 791.14 0.00 0.00 58.59 0.00 0.00 0.00 0.00 0.00 0.00 0.00 0.00 0.00 0.00
6 2003 1038.91 0.00 0.00 0.00 167.91 0.00 0.00 12.43 0.00 0.00 0.00 0.00 0.00 0.00 0.00 0.00 0.00 0.00
7 2003 482.45 0.00 0.00 0.00 167.91 0.00 0.00 12.43 0.00 0.00 0.00 0.00 0.00 0.00 0.00 0.00 0.00 0.00
8 2003 298.86 0.00 0.00 0.00 167.91 0.00 0.00 12.43 0.00 0.00 0.00 0.00 0.00 0.00 0.00 0.00 0.00 0.00
9 2003 279.94 0.00 0.00 0.00 167.91 0.00 0.00 12.43 0.00 0.00 0.00 0.00 0.00 0.00 0.00 0.00 0.00 0.00
10 2003 270.47 0.00 0.00 0.00 167.91 0.00 0.00 12.43 0.00 0.00 0.00 0.00 0.00 0.00 0.00 0.00 0.00 0.00
11 2003 1.71 0.00 0.00 0.00 167.91 0.00 0.00 12.43 0.00 0.00 0.00 0.00 0.00 0.00 0.00 0.00 0.00 0.00
12 2003 162.59 0.00 0.00 0.00 167.91 0.00 0.00 12.43 0.00 0.00 0.00 0.00 0.00 0.00 0.00 0.00 0.00 0.00
1 2004 1.71 0.00 0.00 0.00 167.91 0.00 0.00 12.43 0.00 0.00 0.00 0.00 0.00 0.00 0.00 0.00 0.00 0.00
2 2004 457.85 0.00 0.00 0.00 167.91 0.00 0.00 12.43 0.00 0.00 0.00 0.00 0.00 0.00 0.00 0.00 0.00 0.00
3 2004 1288.74 0.00 0.00 0.00 167.91 0.00 0.00 12.43 0.00 0.00 0.00 0.00 0.00 0.00 0.00 0.00 0.00 0.00
4 2004 35.78 0.00 0.00 0.00 167.91 0.00 0.00 12.43 0.00 0.00 0.00 0.00 0.00 0.00 0.00 0.00 0.00 0.00
5 2004 3257.15 0.00 0.00 0.00 791.14 0.00 0.00 58.59 0.00 0.00 0.00 0.00 0.00 0.00 0.00 0.00 0.00 0.00
6 2004 4725.89 0.00 0.00 0.00 791.14 0.00 0.00 58.59 0.00 0.00 0.00 0.00 0.00 0.00 0.00 0.00 0.00 0.00
7 2004 399.18 0.00 0.00 0.00 167.91 0.00 0.00 12.43 0.00 0.00 0.00 0.00 0.00 0.00 0.00 0.00 0.00 0.00
8 2004 1.71 0.00 0.00 0.00 167.91 0.00 0.00 12.43 0.00 0.00 0.00 0.00 0.00 0.00 0.00 0.00 0.00 0.00
9 2004 255.33 0.00 0.00 0.00 167.91 0.00 0.00 12.43 0.00 0.00 0.00 0.00 0.00 0.00 0.00 0.00 0.00 0.00
10 2004 5248.27 0.00 0.00 0.00 791.14 0.00 0.00 58.59 0.00 0.00 0.00 0.00 0.00 0.00 0.00 0.00 0.00 0.00
11 2004 1.71 0.00 0.00 0.00 167.91 0.00 0.00 12.43 0.00 0.00 0.00 0.00 0.00 0.00 0.00 0.00 0.00 0.00
12 2004 1.71 0.00 0.00 0.00 167.91 0.00 0.00 12.43 0.00 0.00 0.00 0.00 0.00 0.00 0.00 0.00 0.00 0.00
1 2005 1.71 0.00 0.00 0.00 167.91 0.00 0.00 12.43 0.00 0.00 0.00 0.00 0.00 0.00 0.00 0.00 0.00 0.00
2 2005 913.99 0.00 0.00 0.00 167.91 0.00 0.00 12.43 0.00 0.00 0.00 0.00 0.00 0.00 0.00 0.00 0.00 0.00
3 2005 2045.82 0.00 0.00 0.00 167.91 0.00 0.00 12.43 0.00 0.00 0.00 0.00 0.00 0.00 0.00 0.00 0.00 0.00
4 2005 327.25 0.00 0.00 0.00 167.91 0.00 0.00 12.43 0.00 0.00 0.00 0.00 0.00 0.00 0.00 0.00 0.00 0.00
5 2005 1.71 0.00 0.00 0.00 167.91 0.00 0.00 12.43 0.00 0.00 0.00 0.00 0.00 0.00 0.00 0.00 0.00 0.00
6 2005 607.37 0.00 0.00 0.00 167.91 0.00 0.00 12.43 0.00 0.00 0.00 0.00 0.00 0.00 0.00 0.00 0.00 0.00
7 2005 565.73 0.00 0.00 0.00 167.91 0.00 0.00 12.43 0.00 0.00 0.00 0.00 0.00 0.00 0.00 0.00 0.00 0.00
8 2005 596.02 0.00 0.00 0.00 167.91 0.00 0.00 12.43 0.00 0.00 0.00 0.00 0.00 0.00 0.00 0.00 0.00 0.00
9 2005 304.54 0.00 0.00 0.00 167.91 0.00 0.00 12.43 0.00 0.00 0.00 0.00 0.00 0.00 0.00 0.00 0.00 0.00
10 2005 5316.41 0.00 0.00 0.00 791.14 0.00 0.00 58.59 0.00 0.00 0.00 0.00 0.00 0.00 0.00 0.00 0.00 0.00
11 2005 1.71 0.00 0.00 0.00 167.91 0.00 0.00 12.43 0.00 0.00 0.00 0.00 0.00 0.00 0.00 0.00 0.00 0.00
12 2005 323.47 0.00 0.00 0.00 167.91 0.00 0.00 12.43 0.00 0.00 0.00 0.00 0.00 0.00 0.00 0.00 0.00 0.00
1 2006 1.71 0.00 0.00 0.00 167.91 0.00 0.00 12.43 0.00 0.00 0.00 0.00 0.00 0.00 0.00 0.00 0.00 0.00
2 2006 1.71 0.00 0.00 0.00 167.91 0.00 0.00 12.43 0.00 0.00 0.00 0.00 0.00 0.00 0.00 0.00 0.00 0.00
3 2006 531.66 0.00 0.00 0.00 167.91 0.00 0.00 12.43 0.00 0.00 0.00 0.00 0.00 0.00 0.00 0.00 0.00 0.00
4 2006 1.71 0.00 0.00 0.00 167.91 0.00 0.00 12.43 0.00 0.00 0.00 0.00 0.00 0.00 0.00 0.00 0.00 0.00
5 2006 5600.32 0.00 0.00 0.00 791.14 0.00 0.00 58.59 0.00 0.00 0.00 0.00 0.00 0.00 0.00 0.00 0.00 0.00
6 2006 1.71 0.00 0.00 0.00 167.91 0.00 0.00 12.43 0.00 0.00 0.00 0.00 0.00 0.00 0.00 0.00 0.00 0.00
7 2006 1.71 0.00 0.00 0.00 167.91 0.00 0.00 12.43 0.00 0.00 0.00 0.00 0.00 0.00 0.00 0.00 0.00 0.00
8 2006 558.16 0.00 0.00 0.00 167.91 0.00 0.00 12.43 0.00 0.00 0.00 0.00 0.00 0.00 0.00 0.00 0.00 0.00
9 2006 1.71 0.00 0.00 0.00 0.08 0.00 0.00 0.00 0.00 0.00 0.00 0.00 0.00 0.00 0.00 0.00 0.00 0.00
10 2006 1.71 0.00 0.00 0.00 0.08 0.00 0.00 0.00 0.00 0.00 0.00 0.00 0.00 0.00 0.00 0.00 0.00 0.00
11 2006 1.71 0.00 0.00 0.00 0.08 0.00 0.00 0.00 0.00 0.00 0.00 0.00 0.00 0.00 0.00 0.00 0.00 0.00
12 2006 1.71 0.00 0.00 0.00 0.08 0.00 0.00 0.00 0.00 0.00 0.00 0.00 0.00 0.00 0.00 0.00 0.00 0.00
