Written by i_SWAT





1 1983 537.02 0.00 0.00 0.00 55.61 0.00 0.00 4.10 0.00 0.00 0.00 0.00 0.00 0.00 0.00 0.00 0.00 0.00
2 1983 570.39 0.00 0.00 0.00 55.61 0.00 0.00 4.10 0.00 0.00 0.00 0.00 0.00 0.00 0.00 0.00 0.00 0.00
3 1983 762.05 0.00 0.00 0.00 55.61 0.00 0.00 4.10 0.00 0.00 0.00 0.00 0.00 0.00 0.00 0.00 0.00 0.00
4 1983 2345.08 0.00 0.00 0.00 392.17 0.00 0.00 29.03 0.00 0.00 0.00 0.00 0.00 0.00 0.00 0.00 0.00 0.00
5 1983 1263.30 0.00 0.00 0.00 55.61 0.00 0.00 4.10 0.00 0.00 0.00 0.00 0.00 0.00 0.00 0.00 0.00 0.00
6 1983 951.47 0.00 0.00 0.00 55.61 0.00 0.00 4.10 0.00 0.00 0.00 0.00 0.00 0.00 0.00 0.00 0.00 0.00
7 1983 3982.49 0.00 0.00 0.00 392.17 0.00 0.00 29.03 0.00 0.00 0.00 0.00 0.00 0.00 0.00 0.00 0.00 0.00
8 1983 829.60 0.00 0.00 0.00 55.61 0.00 0.00 4.10 0.00 0.00 0.00 0.00 0.00 0.00 0.00 0.00 0.00 0.00
9 1983 609.93 0.00 0.00 0.00 55.61 0.00 0.00 4.10 0.00 0.00 0.00 0.00 0.00 0.00 0.00 0.00 0.00 0.00
10 1983 2339.62 0.00 0.00 0.00 392.17 0.00 0.00 29.03 0.00 0.00 0.00 0.00 0.00 0.00 0.00 0.00 0.00 0.00
11 1983 631.48 0.00 0.00 0.00 55.61 0.00 0.00 4.10 0.00 0.00 0.00 0.00 0.00 0.00 0.00 0.00 0.00 0.00
12 1983 962.54 0.00 0.00 0.00 392.17 0.00 0.00 29.03 0.00 0.00 0.00 0.00 0.00 0.00 0.00 0.00 0.00 0.00
1 1984 537.02 0.00 0.00 0.00 55.61 0.00 0.00 4.10 0.00 0.00 0.00 0.00 0.00 0.00 0.00 0.00 0.00 0.00
2 1984 570.39 0.00 0.00 0.00 55.61 0.00 0.00 4.10 0.00 0.00 0.00 0.00 0.00 0.00 0.00 0.00 0.00 0.00
3 1984 762.05 0.00 0.00 0.00 55.61 0.00 0.00 4.10 0.00 0.00 0.00 0.00 0.00 0.00 0.00 0.00 0.00 0.00
4 1984 2345.08 0.00 0.00 0.00 392.17 0.00 0.00 29.03 0.00 0.00 0.00 0.00 0.00 0.00 0.00 0.00 0.00 0.00
5 1984 1263.30 0.00 0.00 0.00 55.61 0.00 0.00 4.10 0.00 0.00 0.00 0.00 0.00 0.00 0.00 0.00 0.00 0.00
6 1984 951.47 0.00 0.00 0.00 55.61 0.00 0.00 4.10 0.00 0.00 0.00 0.00 0.00 0.00 0.00 0.00 0.00 0.00
7 1984 3982.49 0.00 0.00 0.00 392.17 0.00 0.00 29.03 0.00 0.00 0.00 0.00 0.00 0.00 0.00 0.00 0.00 0.00
8 1984 829.60 0.00 0.00 0.00 55.61 0.00 0.00 4.10 0.00 0.00 0.00 0.00 0.00 0.00 0.00 0.00 0.00 0.00
9 1984 609.93 0.00 0.00 0.00 55.61 0.00 0.00 4.10 0.00 0.00 0.00 0.00 0.00 0.00 0.00 0.00 0.00 0.00
10 1984 2339.62 0.00 0.00 0.00 392.17 0.00 0.00 29.03 0.00 0.00 0.00 0.00 0.00 0.00 0.00 0.00 0.00 0.00
11 1984 631.48 0.00 0.00 0.00 55.61 0.00 0.00 4.10 0.00 0.00 0.00 0.00 0.00 0.00 0.00 0.00 0.00 0.00
12 1984 962.54 0.00 0.00 0.00 392.17 0.00 0.00 29.03 0.00 0.00 0.00 0.00 0.00 0.00 0.00 0.00 0.00 0.00
1 1985 537.02 0.00 0.00 0.00 55.61 0.00 0.00 4.10 0.00 0.00 0.00 0.00 0.00 0.00 0.00 0.00 0.00 0.00
2 1985 570.39 0.00 0.00 0.00 55.61 0.00 0.00 4.10 0.00 0.00 0.00 0.00 0.00 0.00 0.00 0.00 0.00 0.00
3 1985 762.05 0.00 0.00 0.00 55.61 0.00 0.00 4.10 0.00 0.00 0.00 0.00 0.00 0.00 0.00 0.00 0.00 0.00
4 1985 2345.08 0.00 0.00 0.00 392.17 0.00 0.00 29.03 0.00 0.00 0.00 0.00 0.00 0.00 0.00 0.00 0.00 0.00
5 1985 1263.30 0.00 0.00 0.00 55.61 0.00 0.00 4.10 0.00 0.00 0.00 0.00 0.00 0.00 0.00 0.00 0.00 0.00
6 1985 951.47 0.00 0.00 0.00 55.61 0.00 0.00 4.10 0.00 0.00 0.00 0.00 0.00 0.00 0.00 0.00 0.00 0.00
7 1985 3982.49 0.00 0.00 0.00 392.17 0.00 0.00 29.03 0.00 0.00 0.00 0.00 0.00 0.00 0.00 0.00 0.00 0.00
8 1985 829.60 0.00 0.00 0.00 55.61 0.00 0.00 4.10 0.00 0.00 0.00 0.00 0.00 0.00 0.00 0.00 0.00 0.00
9 1985 609.93 0.00 0.00 0.00 55.61 0.00 0.00 4.10 0.00 0.00 0.00 0.00 0.00 0.00 0.00 0.00 0.00 0.00
10 1985 2339.62 0.00 0.00 0.00 392.17 0.00 0.00 29.03 0.00 0.00 0.00 0.00 0.00 0.00 0.00 0.00 0.00 0.00
11 1985 631.48 0.00 0.00 0.00 55.61 0.00 0.00 4.10 0.00 0.00 0.00 0.00 0.00 0.00 0.00 0.00 0.00 0.00
12 1985 962.54 0.00 0.00 0.00 392.17 0.00 0.00 29.03 0.00 0.00 0.00 0.00 0.00 0.00 0.00 0.00 0.00 0.00
1 1986 537.02 0.00 0.00 0.00 55.61 0.00 0.00 4.10 0.00 0.00 0.00 0.00 0.00 0.00 0.00 0.00 0.00 0.00
2 1986 570.39 0.00 0.00 0.00 55.61 0.00 0.00 4.10 0.00 0.00 0.00 0.00 0.00 0.00 0.00 0.00 0.00 0.00
3 1986 762.05 0.00 0.00 0.00 55.61 0.00 0.00 4.10 0.00 0.00 0.00 0.00 0.00 0.00 0.00 0.00 0.00 0.00
4 1986 2345.08 0.00 0.00 0.00 392.17 0.00 0.00 29.03 0.00 0.00 0.00 0.00 0.00 0.00 0.00 0.00 0.00 0.00
5 1986 1263.30 0.00 0.00 0.00 55.61 0.00 0.00 4.10 0.00 0.00 0.00 0.00 0.00 0.00 0.00 0.00 0.00 0.00
6 1986 951.47 0.00 0.00 0.00 55.61 0.00 0.00 4.10 0.00 0.00 0.00 0.00 0.00 0.00 0.00 0.00 0.00 0.00
7 1986 3982.49 0.00 0.00 0.00 392.17 0.00 0.00 29.03 0.00 0.00 0.00 0.00 0.00 0.00 0.00 0.00 0.00 0.00
8 1986 829.60 0.00 0.00 0.00 55.61 0.00 0.00 4.10 0.00 0.00 0.00 0.00 0.00 0.00 0.00 0.00 0.00 0.00
9 1986 609.93 0.00 0.00 0.00 55.61 0.00 0.00 4.10 0.00 0.00 0.00 0.00 0.00 0.00 0.00 0.00 0.00 0.00
10 1986 2339.62 0.00 0.00 0.00 392.17 0.00 0.00 29.03 0.00 0.00 0.00 0.00 0.00 0.00 0.00 0.00 0.00 0.00
11 1986 631.48 0.00 0.00 0.00 55.61 0.00 0.00 4.10 0.00 0.00 0.00 0.00 0.00 0.00 0.00 0.00 0.00 0.00
12 1986 962.54 0.00 0.00 0.00 392.17 0.00 0.00 29.03 0.00 0.00 0.00 0.00 0.00 0.00 0.00 0.00 0.00 0.00
1 1987 537.02 0.00 0.00 0.00 55.61 0.00 0.00 4.10 0.00 0.00 0.00 0.00 0.00 0.00 0.00 0.00 0.00 0.00
2 1987 570.39 0.00 0.00 0.00 55.61 0.00 0.00 4.10 0.00 0.00 0.00 0.00 0.00 0.00 0.00 0.00 0.00 0.00
3 1987 762.05 0.00 0.00 0.00 55.61 0.00 0.00 4.10 0.00 0.00 0.00 0.00 0.00 0.00 0.00 0.00 0.00 0.00
4 1987 2345.08 0.00 0.00 0.00 392.17 0.00 0.00 29.03 0.00 0.00 0.00 0.00 0.00 0.00 0.00 0.00 0.00 0.00
5 1987 1263.30 0.00 0.00 0.00 55.61 0.00 0.00 4.10 0.00 0.00 0.00 0.00 0.00 0.00 0.00 0.00 0.00 0.00
6 1987 951.47 0.00 0.00 0.00 55.61 0.00 0.00 4.10 0.00 0.00 0.00 0.00 0.00 0.00 0.00 0.00 0.00 0.00
7 1987 3982.49 0.00 0.00 0.00 392.17 0.00 0.00 29.03 0.00 0.00 0.00 0.00 0.00 0.00 0.00 0.00 0.00 0.00
8 1987 829.60 0.00 0.00 0.00 55.61 0.00 0.00 4.10 0.00 0.00 0.00 0.00 0.00 0.00 0.00 0.00 0.00 0.00
9 1987 609.93 0.00 0.00 0.00 55.61 0.00 0.00 4.10 0.00 0.00 0.00 0.00 0.00 0.00 0.00 0.00 0.00 0.00
10 1987 2339.62 0.00 0.00 0.00 392.17 0.00 0.00 29.03 0.00 0.00 0.00 0.00 0.00 0.00 0.00 0.00 0.00 0.00
11 1987 631.48 0.00 0.00 0.00 55.61 0.00 0.00 4.10 0.00 0.00 0.00 0.00 0.00 0.00 0.00 0.00 0.00 0.00
12 1987 962.54 0.00 0.00 0.00 392.17 0.00 0.00 29.03 0.00 0.00 0.00 0.00 0.00 0.00 0.00 0.00 0.00 0.00
1 1988 537.02 0.00 0.00 0.00 55.61 0.00 0.00 4.10 0.00 0.00 0.00 0.00 0.00 0.00 0.00 0.00 0.00 0.00
2 1988 570.39 0.00 0.00 0.00 55.61 0.00 0.00 4.10 0.00 0.00 0.00 0.00 0.00 0.00 0.00 0.00 0.00 0.00
3 1988 762.05 0.00 0.00 0.00 55.61 0.00 0.00 4.10 0.00 0.00 0.00 0.00 0.00 0.00 0.00 0.00 0.00 0.00
4 1988 2345.08 0.00 0.00 0.00 392.17 0.00 0.00 29.03 0.00 0.00 0.00 0.00 0.00 0.00 0.00 0.00 0.00 0.00
5 1988 1263.30 0.00 0.00 0.00 55.61 0.00 0.00 4.10 0.00 0.00 0.00 0.00 0.00 0.00 0.00 0.00 0.00 0.00
6 1988 951.47 0.00 0.00 0.00 55.61 0.00 0.00 4.10 0.00 0.00 0.00 0.00 0.00 0.00 0.00 0.00 0.00 0.00
7 1988 3982.49 0.00 0.00 0.00 392.17 0.00 0.00 29.03 0.00 0.00 0.00 0.00 0.00 0.00 0.00 0.00 0.00 0.00
8 1988 829.60 0.00 0.00 0.00 55.61 0.00 0.00 4.10 0.00 0.00 0.00 0.00 0.00 0.00 0.00 0.00 0.00 0.00
9 1988 609.93 0.00 0.00 0.00 55.61 0.00 0.00 4.10 0.00 0.00 0.00 0.00 0.00 0.00 0.00 0.00 0.00 0.00
10 1988 2339.62 0.00 0.00 0.00 392.17 0.00 0.00 29.03 0.00 0.00 0.00 0.00 0.00 0.00 0.00 0.00 0.00 0.00
11 1988 631.48 0.00 0.00 0.00 55.61 0.00 0.00 4.10 0.00 0.00 0.00 0.00 0.00 0.00 0.00 0.00 0.00 0.00
12 1988 962.54 0.00 0.00 0.00 392.17 0.00 0.00 29.03 0.00 0.00 0.00 0.00 0.00 0.00 0.00 0.00 0.00 0.00
1 1989 537.02 0.00 0.00 0.00 55.61 0.00 0.00 4.10 0.00 0.00 0.00 0.00 0.00 0.00 0.00 0.00 0.00 0.00
2 1989 570.39 0.00 0.00 0.00 55.61 0.00 0.00 4.10 0.00 0.00 0.00 0.00 0.00 0.00 0.00 0.00 0.00 0.00
3 1989 762.05 0.00 0.00 0.00 55.61 0.00 0.00 4.10 0.00 0.00 0.00 0.00 0.00 0.00 0.00 0.00 0.00 0.00
4 1989 2345.08 0.00 0.00 0.00 392.17 0.00 0.00 29.03 0.00 0.00 0.00 0.00 0.00 0.00 0.00 0.00 0.00 0.00
5 1989 1263.30 0.00 0.00 0.00 55.61 0.00 0.00 4.10 0.00 0.00 0.00 0.00 0.00 0.00 0.00 0.00 0.00 0.00
6 1989 951.47 0.00 0.00 0.00 55.61 0.00 0.00 4.10 0.00 0.00 0.00 0.00 0.00 0.00 0.00 0.00 0.00 0.00
7 1989 3982.49 0.00 0.00 0.00 392.17 0.00 0.00 29.03 0.00 0.00 0.00 0.00 0.00 0.00 0.00 0.00 0.00 0.00
8 1989 829.60 0.00 0.00 0.00 55.61 0.00 0.00 4.10 0.00 0.00 0.00 0.00 0.00 0.00 0.00 0.00 0.00 0.00
9 1989 609.93 0.00 0.00 0.00 55.61 0.00 0.00 4.10 0.00 0.00 0.00 0.00 0.00 0.00 0.00 0.00 0.00 0.00
10 1989 2339.62 0.00 0.00 0.00 392.17 0.00 0.00 29.03 0.00 0.00 0.00 0.00 0.00 0.00 0.00 0.00 0.00 0.00
11 1989 631.48 0.00 0.00 0.00 55.61 0.00 0.00 4.10 0.00 0.00 0.00 0.00 0.00 0.00 0.00 0.00 0.00 0.00
12 1989 962.54 0.00 0.00 0.00 392.17 0.00 0.00 29.03 0.00 0.00 0.00 0.00 0.00 0.00 0.00 0.00 0.00 0.00
1 1990 537.02 0.00 0.00 0.00 55.61 0.00 0.00 4.10 0.00 0.00 0.00 0.00 0.00 0.00 0.00 0.00 0.00 0.00
2 1990 570.39 0.00 0.00 0.00 55.61 0.00 0.00 4.10 0.00 0.00 0.00 0.00 0.00 0.00 0.00 0.00 0.00 0.00
3 1990 762.05 0.00 0.00 0.00 55.61 0.00 0.00 4.10 0.00 0.00 0.00 0.00 0.00 0.00 0.00 0.00 0.00 0.00
4 1990 2345.08 0.00 0.00 0.00 392.17 0.00 0.00 29.03 0.00 0.00 0.00 0.00 0.00 0.00 0.00 0.00 0.00 0.00
5 1990 1263.30 0.00 0.00 0.00 55.61 0.00 0.00 4.10 0.00 0.00 0.00 0.00 0.00 0.00 0.00 0.00 0.00 0.00
6 1990 951.47 0.00 0.00 0.00 55.61 0.00 0.00 4.10 0.00 0.00 0.00 0.00 0.00 0.00 0.00 0.00 0.00 0.00
7 1990 3982.49 0.00 0.00 0.00 392.17 0.00 0.00 29.03 0.00 0.00 0.00 0.00 0.00 0.00 0.00 0.00 0.00 0.00
8 1990 829.60 0.00 0.00 0.00 55.61 0.00 0.00 4.10 0.00 0.00 0.00 0.00 0.00 0.00 0.00 0.00 0.00 0.00
9 1990 609.93 0.00 0.00 0.00 55.61 0.00 0.00 4.10 0.00 0.00 0.00 0.00 0.00 0.00 0.00 0.00 0.00 0.00
10 1990 2339.62 0.00 0.00 0.00 392.17 0.00 0.00 29.03 0.00 0.00 0.00 0.00 0.00 0.00 0.00 0.00 0.00 0.00
11 1990 631.48 0.00 0.00 0.00 55.61 0.00 0.00 4.10 0.00 0.00 0.00 0.00 0.00 0.00 0.00 0.00 0.00 0.00
12 1990 962.54 0.00 0.00 0.00 392.17 0.00 0.00 29.03 0.00 0.00 0.00 0.00 0.00 0.00 0.00 0.00 0.00 0.00
1 1991 537.02 0.00 0.00 0.00 55.61 0.00 0.00 4.10 0.00 0.00 0.00 0.00 0.00 0.00 0.00 0.00 0.00 0.00
2 1991 570.39 0.00 0.00 0.00 55.61 0.00 0.00 4.10 0.00 0.00 0.00 0.00 0.00 0.00 0.00 0.00 0.00 0.00
3 1991 762.05 0.00 0.00 0.00 55.61 0.00 0.00 4.10 0.00 0.00 0.00 0.00 0.00 0.00 0.00 0.00 0.00 0.00
4 1991 2345.08 0.00 0.00 0.00 392.17 0.00 0.00 29.03 0.00 0.00 0.00 0.00 0.00 0.00 0.00 0.00 0.00 0.00
5 1991 1263.30 0.00 0.00 0.00 55.61 0.00 0.00 4.10 0.00 0.00 0.00 0.00 0.00 0.00 0.00 0.00 0.00 0.00
6 1991 951.47 0.00 0.00 0.00 55.61 0.00 0.00 4.10 0.00 0.00 0.00 0.00 0.00 0.00 0.00 0.00 0.00 0.00
7 1991 3982.49 0.00 0.00 0.00 392.17 0.00 0.00 29.03 0.00 0.00 0.00 0.00 0.00 0.00 0.00 0.00 0.00 0.00
8 1991 829.60 0.00 0.00 0.00 55.61 0.00 0.00 4.10 0.00 0.00 0.00 0.00 0.00 0.00 0.00 0.00 0.00 0.00
9 1991 609.93 0.00 0.00 0.00 55.61 0.00 0.00 4.10 0.00 0.00 0.00 0.00 0.00 0.00 0.00 0.00 0.00 0.00
10 1991 2339.62 0.00 0.00 0.00 392.17 0.00 0.00 29.03 0.00 0.00 0.00 0.00 0.00 0.00 0.00 0.00 0.00 0.00
11 1991 631.48 0.00 0.00 0.00 55.61 0.00 0.00 4.10 0.00 0.00 0.00 0.00 0.00 0.00 0.00 0.00 0.00 0.00
12 1991 962.54 0.00 0.00 0.00 392.17 0.00 0.00 29.03 0.00 0.00 0.00 0.00 0.00 0.00 0.00 0.00 0.00 0.00
1 1992 537.02 0.00 0.00 0.00 55.61 0.00 0.00 4.10 0.00 0.00 0.00 0.00 0.00 0.00 0.00 0.00 0.00 0.00
2 1992 570.39 0.00 0.00 0.00 55.61 0.00 0.00 4.10 0.00 0.00 0.00 0.00 0.00 0.00 0.00 0.00 0.00 0.00
3 1992 762.05 0.00 0.00 0.00 55.61 0.00 0.00 4.10 0.00 0.00 0.00 0.00 0.00 0.00 0.00 0.00 0.00 0.00
4 1992 2345.08 0.00 0.00 0.00 392.17 0.00 0.00 29.03 0.00 0.00 0.00 0.00 0.00 0.00 0.00 0.00 0.00 0.00
5 1992 1263.30 0.00 0.00 0.00 55.61 0.00 0.00 4.10 0.00 0.00 0.00 0.00 0.00 0.00 0.00 0.00 0.00 0.00
6 1992 951.47 0.00 0.00 0.00 55.61 0.00 0.00 4.10 0.00 0.00 0.00 0.00 0.00 0.00 0.00 0.00 0.00 0.00
7 1992 3982.49 0.00 0.00 0.00 392.17 0.00 0.00 29.03 0.00 0.00 0.00 0.00 0.00 0.00 0.00 0.00 0.00 0.00
8 1992 829.60 0.00 0.00 0.00 55.61 0.00 0.00 4.10 0.00 0.00 0.00 0.00 0.00 0.00 0.00 0.00 0.00 0.00
9 1992 609.93 0.00 0.00 0.00 55.61 0.00 0.00 4.10 0.00 0.00 0.00 0.00 0.00 0.00 0.00 0.00 0.00 0.00
10 1992 2339.62 0.00 0.00 0.00 392.17 0.00 0.00 29.03 0.00 0.00 0.00 0.00 0.00 0.00 0.00 0.00 0.00 0.00
11 1992 631.48 0.00 0.00 0.00 55.61 0.00 0.00 4.10 0.00 0.00 0.00 0.00 0.00 0.00 0.00 0.00 0.00 0.00
12 1992 962.54 0.00 0.00 0.00 392.17 0.00 0.00 29.03 0.00 0.00 0.00 0.00 0.00 0.00 0.00 0.00 0.00 0.00
1 1993 537.02 0.00 0.00 0.00 55.61 0.00 0.00 4.10 0.00 0.00 0.00 0.00 0.00 0.00 0.00 0.00 0.00 0.00
2 1993 570.39 0.00 0.00 0.00 55.61 0.00 0.00 4.10 0.00 0.00 0.00 0.00 0.00 0.00 0.00 0.00 0.00 0.00
3 1993 1043.04 0.00 0.00 0.00 55.61 0.00 0.00 4.10 0.00 0.00 0.00 0.00 0.00 0.00 0.00 0.00 0.00 0.00
4 1993 2563.76 0.00 0.00 0.00 392.17 0.00 0.00 29.03 0.00 0.00 0.00 0.00 0.00 0.00 0.00 0.00 0.00 0.00
5 1993 1364.80 0.00 0.00 0.00 55.61 0.00 0.00 4.10 0.00 0.00 0.00 0.00 0.00 0.00 0.00 0.00 0.00 0.00
6 1993 1270.17 0.00 0.00 0.00 55.61 0.00 0.00 4.10 0.00 0.00 0.00 0.00 0.00 0.00 0.00 0.00 0.00 0.00
7 1993 3808.66 0.00 0.00 0.00 392.17 0.00 0.00 29.03 0.00 0.00 0.00 0.00 0.00 0.00 0.00 0.00 0.00 0.00
8 1993 1448.08 0.00 0.00 0.00 55.61 0.00 0.00 4.10 0.00 0.00 0.00 0.00 0.00 0.00 0.00 0.00 0.00 0.00
9 1993 762.92 0.00 0.00 0.00 55.61 0.00 0.00 4.10 0.00 0.00 0.00 0.00 0.00 0.00 0.00 0.00 0.00 0.00
10 1993 2729.31 0.00 0.00 0.00 392.17 0.00 0.00 29.03 0.00 0.00 0.00 0.00 0.00 0.00 0.00 0.00 0.00 0.00
11 1993 721.28 0.00 0.00 0.00 55.61 0.00 0.00 4.10 0.00 0.00 0.00 0.00 0.00 0.00 0.00 0.00 0.00 0.00
12 1993 1054.61 0.00 0.00 0.00 392.17 0.00 0.00 29.03 0.00 0.00 0.00 0.00 0.00 0.00 0.00 0.00 0.00 0.00
1 1994 547.16 0.00 0.00 0.00 55.61 0.00 0.00 4.10 0.00 0.00 0.00 0.00 0.00 0.00 0.00 0.00 0.00 0.00
2 1994 532.01 0.00 0.00 0.00 55.61 0.00 0.00 4.10 0.00 0.00 0.00 0.00 0.00 0.00 0.00 0.00 0.00 0.00
3 1994 516.87 0.00 0.00 0.00 55.61 0.00 0.00 4.10 0.00 0.00 0.00 0.00 0.00 0.00 0.00 0.00 0.00 0.00
4 1994 1916.46 0.00 0.00 0.00 392.17 0.00 0.00 29.03 0.00 0.00 0.00 0.00 0.00 0.00 0.00 0.00 0.00 0.00
5 1994 505.52 0.00 0.00 0.00 55.61 0.00 0.00 4.10 0.00 0.00 0.00 0.00 0.00 0.00 0.00 0.00 0.00 0.00
6 1994 611.51 0.00 0.00 0.00 55.61 0.00 0.00 4.10 0.00 0.00 0.00 0.00 0.00 0.00 0.00 0.00 0.00 0.00
7 1994 3430.12 0.00 0.00 0.00 392.17 0.00 0.00 29.03 0.00 0.00 0.00 0.00 0.00 0.00 0.00 0.00 0.00 0.00
8 1994 513.09 0.00 0.00 0.00 55.61 0.00 0.00 4.10 0.00 0.00 0.00 0.00 0.00 0.00 0.00 0.00 0.00 0.00
9 1994 479.02 0.00 0.00 0.00 55.61 0.00 0.00 4.10 0.00 0.00 0.00 0.00 0.00 0.00 0.00 0.00 0.00 0.00
10 1994 2146.36 0.00 0.00 0.00 392.17 0.00 0.00 29.03 0.00 0.00 0.00 0.00 0.00 0.00 0.00 0.00 0.00 0.00
11 1994 471.45 0.00 0.00 0.00 55.61 0.00 0.00 4.10 0.00 0.00 0.00 0.00 0.00 0.00 0.00 0.00 0.00 0.00
12 1994 823.71 0.00 0.00 0.00 392.17 0.00 0.00 29.03 0.00 0.00 0.00 0.00 0.00 0.00 0.00 0.00 0.00 0.00
1 1995 410.88 0.00 0.00 0.00 55.61 0.00 0.00 4.10 0.00 0.00 0.00 0.00 0.00 0.00 0.00 0.00 0.00 0.00
2 1995 494.16 0.00 0.00 0.00 55.61 0.00 0.00 4.10 0.00 0.00 0.00 0.00 0.00 0.00 0.00 0.00 0.00 0.00
3 1995 694.79 0.00 0.00 0.00 55.61 0.00 0.00 4.10 0.00 0.00 0.00 0.00 0.00 0.00 0.00 0.00 0.00 0.00
4 1995 2559.98 0.00 0.00 0.00 392.17 0.00 0.00 29.03 0.00 0.00 0.00 0.00 0.00 0.00 0.00 0.00 0.00 0.00
5 1995 1368.59 0.00 0.00 0.00 55.61 0.00 0.00 4.10 0.00 0.00 0.00 0.00 0.00 0.00 0.00 0.00 0.00 0.00
6 1995 5.84 0.00 0.00 0.00 55.61 0.00 0.00 4.10 0.00 0.00 0.00 0.00 0.00 0.00 0.00 0.00 0.00 0.00
7 1995 1754.70 0.00 0.00 0.00 392.17 0.00 0.00 29.03 0.00 0.00 0.00 0.00 0.00 0.00 0.00 0.00 0.00 0.00
8 1995 634.22 0.00 0.00 0.00 55.61 0.00 0.00 4.10 0.00 0.00 0.00 0.00 0.00 0.00 0.00 0.00 0.00 0.00
9 1995 1311.81 0.00 0.00 0.00 392.17 0.00 0.00 29.03 0.00 0.00 0.00 0.00 0.00 0.00 0.00 0.00 0.00 0.00
10 1995 1361.02 0.00 0.00 0.00 392.17 0.00 0.00 29.03 0.00 0.00 0.00 0.00 0.00 0.00 0.00 0.00 0.00 0.00
11 1995 1330.73 0.00 0.00 0.00 392.17 0.00 0.00 29.03 0.00 0.00 0.00 0.00 0.00 0.00 0.00 0.00 0.00 0.00
12 1995 467.66 0.00 0.00 0.00 55.61 0.00 0.00 4.10 0.00 0.00 0.00 0.00 0.00 0.00 0.00 0.00 0.00 0.00
1 1996 479.02 0.00 0.00 0.00 55.61 0.00 0.00 4.10 0.00 0.00 0.00 0.00 0.00 0.00 0.00 0.00 0.00 0.00
2 1996 535.80 0.00 0.00 0.00 55.61 0.00 0.00 4.10 0.00 0.00 0.00 0.00 0.00 0.00 0.00 0.00 0.00 0.00
3 1996 497.95 0.00 0.00 0.00 55.61 0.00 0.00 4.10 0.00 0.00 0.00 0.00 0.00 0.00 0.00 0.00 0.00 0.00
4 1996 632.71 0.00 0.00 0.00 392.17 0.00 0.00 29.03 0.00 0.00 0.00 0.00 0.00 0.00 0.00 0.00 0.00 0.00
5 1996 1603.28 0.00 0.00 0.00 55.61 0.00 0.00 4.10 0.00 0.00 0.00 0.00 0.00 0.00 0.00 0.00 0.00 0.00
6 1996 1273.95 0.00 0.00 0.00 55.61 0.00 0.00 4.10 0.00 0.00 0.00 0.00 0.00 0.00 0.00 0.00 0.00 0.00
7 1996 1766.05 0.00 0.00 0.00 392.17 0.00 0.00 29.03 0.00 0.00 0.00 0.00 0.00 0.00 0.00 0.00 0.00 0.00
8 1996 793.21 0.00 0.00 0.00 55.61 0.00 0.00 4.10 0.00 0.00 0.00 0.00 0.00 0.00 0.00 0.00 0.00 0.00
9 1996 1504.86 0.00 0.00 0.00 392.17 0.00 0.00 29.03 0.00 0.00 0.00 0.00 0.00 0.00 0.00 0.00 0.00 0.00
10 1996 617.56 0.00 0.00 0.00 392.17 0.00 0.00 29.03 0.00 0.00 0.00 0.00 0.00 0.00 0.00 0.00 0.00 0.00
11 1996 808.35 0.00 0.00 0.00 55.61 0.00 0.00 4.10 0.00 0.00 0.00 0.00 0.00 0.00 0.00 0.00 0.00 0.00
12 1996 789.42 0.00 0.00 0.00 55.61 0.00 0.00 4.10 0.00 0.00 0.00 0.00 0.00 0.00 0.00 0.00 0.00 0.00
1 1997 745.51 0.00 0.00 0.00 392.17 0.00 0.00 29.03 0.00 0.00 0.00 0.00 0.00 0.00 0.00 0.00 0.00 0.00
2 1997 5.84 0.00 0.00 0.00 55.61 0.00 0.00 4.10 0.00 0.00 0.00 0.00 0.00 0.00 0.00 0.00 0.00 0.00
3 1997 2754.04 0.00 0.00 0.00 392.17 0.00 0.00 29.03 0.00 0.00 0.00 0.00 0.00 0.00 0.00 0.00 0.00 0.00
4 1997 1217.17 0.00 0.00 0.00 392.17 0.00 0.00 29.03 0.00 0.00 0.00 0.00 0.00 0.00 0.00 0.00 0.00 0.00
5 1997 3295.36 0.00 0.00 0.00 392.17 0.00 0.00 29.03 0.00 0.00 0.00 0.00 0.00 0.00 0.00 0.00 0.00 0.00
6 1997 198.90 0.00 0.00 0.00 392.17 0.00 0.00 29.03 0.00 0.00 0.00 0.00 0.00 0.00 0.00 0.00 0.00 0.00
7 1997 933.27 0.00 0.00 0.00 392.17 0.00 0.00 29.03 0.00 0.00 0.00 0.00 0.00 0.00 0.00 0.00 0.00 0.00
8 1997 626.65 0.00 0.00 0.00 55.61 0.00 0.00 4.10 0.00 0.00 0.00 0.00 0.00 0.00 0.00 0.00 0.00 0.00
9 1997 2553.42 0.00 0.00 0.00 392.17 0.00 0.00 29.03 0.00 0.00 0.00 0.00 0.00 0.00 0.00 0.00 0.00 0.00
10 1997 721.28 0.00 0.00 0.00 392.17 0.00 0.00 29.03 0.00 0.00 0.00 0.00 0.00 0.00 0.00 0.00 0.00 0.00
11 1997 887.84 0.00 0.00 0.00 392.17 0.00 0.00 29.03 0.00 0.00 0.00 0.00 0.00 0.00 0.00 0.00 0.00 0.00
12 1997 721.28 0.00 0.00 0.00 392.17 0.00 0.00 29.03 0.00 0.00 0.00 0.00 0.00 0.00 0.00 0.00 0.00 0.00
1 1998 641.79 0.00 0.00 0.00 392.17 0.00 0.00 29.03 0.00 0.00 0.00 0.00 0.00 0.00 0.00 0.00 0.00 0.00
2 1998 755.35 0.00 0.00 0.00 55.61 0.00 0.00 4.10 0.00 0.00 0.00 0.00 0.00 0.00 0.00 0.00 0.00 0.00
3 1998 1088.47 0.00 0.00 0.00 392.17 0.00 0.00 29.03 0.00 0.00 0.00 0.00 0.00 0.00 0.00 0.00 0.00 0.00
4 1998 1554.07 0.00 0.00 0.00 392.17 0.00 0.00 29.03 0.00 0.00 0.00 0.00 0.00 0.00 0.00 0.00 0.00 0.00
5 1998 1133.89 0.00 0.00 0.00 392.17 0.00 0.00 29.03 0.00 0.00 0.00 0.00 0.00 0.00 0.00 0.00 0.00 0.00
6 1998 3723.11 0.00 0.00 0.00 392.17 0.00 0.00 29.03 0.00 0.00 0.00 0.00 0.00 0.00 0.00 0.00 0.00 0.00
7 1998 3617.11 0.00 0.00 0.00 392.17 0.00 0.00 29.03 0.00 0.00 0.00 0.00 0.00 0.00 0.00 0.00 0.00 0.00
8 1998 3310.50 0.00 0.00 0.00 392.17 0.00 0.00 29.03 0.00 0.00 0.00 0.00 0.00 0.00 0.00 0.00 0.00 0.00
9 1998 2814.61 0.00 0.00 0.00 392.17 0.00 0.00 29.03 0.00 0.00 0.00 0.00 0.00 0.00 0.00 0.00 0.00 0.00
10 1998 2769.19 0.00 0.00 0.00 392.17 0.00 0.00 29.03 0.00 0.00 0.00 0.00 0.00 0.00 0.00 0.00 0.00 0.00
11 1998 2685.91 0.00 0.00 0.00 392.17 0.00 0.00 29.03 0.00 0.00 0.00 0.00 0.00 0.00 0.00 0.00 0.00 0.00
12 1998 838.63 0.00 0.00 0.00 392.17 0.00 0.00 29.03 0.00 0.00 0.00 0.00 0.00 0.00 0.00 0.00 0.00 0.00
1 1999 611.51 0.00 0.00 0.00 55.61 0.00 0.00 4.10 0.00 0.00 0.00 0.00 0.00 0.00 0.00 0.00 0.00 0.00
2 1999 585.01 0.00 0.00 0.00 55.61 0.00 0.00 4.10 0.00 0.00 0.00 0.00 0.00 0.00 0.00 0.00 0.00 0.00
3 1999 732.64 0.00 0.00 0.00 55.61 0.00 0.00 4.10 0.00 0.00 0.00 0.00 0.00 0.00 0.00 0.00 0.00 0.00
4 1999 1747.13 0.00 0.00 0.00 55.61 0.00 0.00 4.10 0.00 0.00 0.00 0.00 0.00 0.00 0.00 0.00 0.00 0.00
5 1999 1894.76 0.00 0.00 0.00 55.61 0.00 0.00 4.10 0.00 0.00 0.00 0.00 0.00 0.00 0.00 0.00 0.00 0.00
6 1999 1796.34 0.00 0.00 0.00 55.61 0.00 0.00 4.10 0.00 0.00 0.00 0.00 0.00 0.00 0.00 0.00 0.00 0.00
7 1999 1936.40 0.00 0.00 0.00 55.61 0.00 0.00 4.10 0.00 0.00 0.00 0.00 0.00 0.00 0.00 0.00 0.00 0.00
8 1999 1323.16 0.00 0.00 0.00 55.61 0.00 0.00 4.10 0.00 0.00 0.00 0.00 0.00 0.00 0.00 0.00 0.00 0.00
9 1999 834.85 0.00 0.00 0.00 55.61 0.00 0.00 4.10 0.00 0.00 0.00 0.00 0.00 0.00 0.00 0.00 0.00 0.00
10 1999 645.58 0.00 0.00 0.00 55.61 0.00 0.00 4.10 0.00 0.00 0.00 0.00 0.00 0.00 0.00 0.00 0.00 0.00
11 1999 596.36 0.00 0.00 0.00 55.61 0.00 0.00 4.10 0.00 0.00 0.00 0.00 0.00 0.00 0.00 0.00 0.00 0.00
12 1999 5.84 0.00 0.00 0.00 55.61 0.00 0.00 4.10 0.00 0.00 0.00 0.00 0.00 0.00 0.00 0.00 0.00 0.00
1 2000 535.80 0.00 0.00 0.00 55.61 0.00 0.00 4.10 0.00 0.00 0.00 0.00 0.00 0.00 0.00 0.00 0.00 0.00
2 2000 577.44 0.00 0.00 0.00 55.61 0.00 0.00 4.10 0.00 0.00 0.00 0.00 0.00 0.00 0.00 0.00 0.00 0.00
3 2000 585.01 0.00 0.00 0.00 55.61 0.00 0.00 4.10 0.00 0.00 0.00 0.00 0.00 0.00 0.00 0.00 0.00 0.00
4 2000 562.30 0.00 0.00 0.00 55.61 0.00 0.00 4.10 0.00 0.00 0.00 0.00 0.00 0.00 0.00 0.00 0.00 0.00
5 2000 554.73 0.00 0.00 0.00 55.61 0.00 0.00 4.10 0.00 0.00 0.00 0.00 0.00 0.00 0.00 0.00 0.00 0.00
6 2000 588.79 0.00 0.00 0.00 55.61 0.00 0.00 4.10 0.00 0.00 0.00 0.00 0.00 0.00 0.00 0.00 0.00 0.00
7 2000 672.07 0.00 0.00 0.00 55.61 0.00 0.00 4.10 0.00 0.00 0.00 0.00 0.00 0.00 0.00 0.00 0.00 0.00
8 2000 482.80 0.00 0.00 0.00 55.61 0.00 0.00 4.10 0.00 0.00 0.00 0.00 0.00 0.00 0.00 0.00 0.00 0.00
9 2000 441.16 0.00 0.00 0.00 55.61 0.00 0.00 4.10 0.00 0.00 0.00 0.00 0.00 0.00 0.00 0.00 0.00 0.00
10 2000 422.24 0.00 0.00 0.00 55.61 0.00 0.00 4.10 0.00 0.00 0.00 0.00 0.00 0.00 0.00 0.00 0.00 0.00
11 2000 456.31 0.00 0.00 0.00 55.61 0.00 0.00 4.10 0.00 0.00 0.00 0.00 0.00 0.00 0.00 0.00 0.00 0.00
12 2000 388.17 0.00 0.00 0.00 55.61 0.00 0.00 4.10 0.00 0.00 0.00 0.00 0.00 0.00 0.00 0.00 0.00 0.00
1 2001 471.45 0.00 0.00 0.00 55.61 0.00 0.00 4.10 0.00 0.00 0.00 0.00 0.00 0.00 0.00 0.00 0.00 0.00
2 2001 766.71 0.00 0.00 0.00 55.61 0.00 0.00 4.10 0.00 0.00 0.00 0.00 0.00 0.00 0.00 0.00 0.00 0.00
3 2001 1141.46 0.00 0.00 0.00 55.61 0.00 0.00 4.10 0.00 0.00 0.00 0.00 0.00 0.00 0.00 0.00 0.00 0.00
4 2001 1156.60 0.00 0.00 0.00 55.61 0.00 0.00 4.10 0.00 0.00 0.00 0.00 0.00 0.00 0.00 0.00 0.00 0.00
5 2001 1285.31 0.00 0.00 0.00 55.61 0.00 0.00 4.10 0.00 0.00 0.00 0.00 0.00 0.00 0.00 0.00 0.00 0.00
6 2001 1175.53 0.00 0.00 0.00 55.61 0.00 0.00 4.10 0.00 0.00 0.00 0.00 0.00 0.00 0.00 0.00 0.00 0.00
7 2001 796.99 0.00 0.00 0.00 55.61 0.00 0.00 4.10 0.00 0.00 0.00 0.00 0.00 0.00 0.00 0.00 0.00 0.00
8 2001 778.07 0.00 0.00 0.00 55.61 0.00 0.00 4.10 0.00 0.00 0.00 0.00 0.00 0.00 0.00 0.00 0.00 0.00
9 2001 959.76 0.00 0.00 0.00 55.61 0.00 0.00 4.10 0.00 0.00 0.00 0.00 0.00 0.00 0.00 0.00 0.00 0.00
10 2001 789.42 0.00 0.00 0.00 55.61 0.00 0.00 4.10 0.00 0.00 0.00 0.00 0.00 0.00 0.00 0.00 0.00 0.00
11 2001 759.14 0.00 0.00 0.00 55.61 0.00 0.00 4.10 0.00 0.00 0.00 0.00 0.00 0.00 0.00 0.00 0.00 0.00
12 2001 732.64 0.00 0.00 0.00 55.61 0.00 0.00 4.10 0.00 0.00 0.00 0.00 0.00 0.00 0.00 0.00 0.00 0.00
1 2002 592.58 0.00 0.00 0.00 55.61 0.00 0.00 4.10 0.00 0.00 0.00 0.00 0.00 0.00 0.00 0.00 0.00 0.00
2 2002 554.73 0.00 0.00 0.00 55.61 0.00 0.00 4.10 0.00 0.00 0.00 0.00 0.00 0.00 0.00 0.00 0.00 0.00
3 2002 562.30 0.00 0.00 0.00 55.61 0.00 0.00 4.10 0.00 0.00 0.00 0.00 0.00 0.00 0.00 0.00 0.00 0.00
4 2002 2102.96 0.00 0.00 0.00 392.17 0.00 0.00 29.03 0.00 0.00 0.00 0.00 0.00 0.00 0.00 0.00 0.00 0.00
5 2002 819.70 0.00 0.00 0.00 55.61 0.00 0.00 4.10 0.00 0.00 0.00 0.00 0.00 0.00 0.00 0.00 0.00 0.00
6 2002 740.21 0.00 0.00 0.00 55.61 0.00 0.00 4.10 0.00 0.00 0.00 0.00 0.00 0.00 0.00 0.00 0.00 0.00
7 2002 656.93 0.00 0.00 0.00 55.61 0.00 0.00 4.10 0.00 0.00 0.00 0.00 0.00 0.00 0.00 0.00 0.00 0.00
8 2002 728.85 0.00 0.00 0.00 55.61 0.00 0.00 4.10 0.00 0.00 0.00 0.00 0.00 0.00 0.00 0.00 0.00 0.00
9 2002 660.72 0.00 0.00 0.00 55.61 0.00 0.00 4.10 0.00 0.00 0.00 0.00 0.00 0.00 0.00 0.00 0.00 0.00
10 2002 1887.19 0.00 0.00 0.00 392.17 0.00 0.00 29.03 0.00 0.00 0.00 0.00 0.00 0.00 0.00 0.00 0.00 0.00
11 2002 1803.91 0.00 0.00 0.00 392.17 0.00 0.00 29.03 0.00 0.00 0.00 0.00 0.00 0.00 0.00 0.00 0.00 0.00
12 2002 626.65 0.00 0.00 0.00 55.61 0.00 0.00 4.10 0.00 0.00 0.00 0.00 0.00 0.00 0.00 0.00 0.00 0.00
1 2003 585.01 0.00 0.00 0.00 55.61 0.00 0.00 4.10 0.00 0.00 0.00 0.00 0.00 0.00 0.00 0.00 0.00 0.00
2 2003 596.36 0.00 0.00 0.00 55.61 0.00 0.00 4.10 0.00 0.00 0.00 0.00 0.00 0.00 0.00 0.00 0.00 0.00
3 2003 592.58 0.00 0.00 0.00 55.61 0.00 0.00 4.10 0.00 0.00 0.00 0.00 0.00 0.00 0.00 0.00 0.00 0.00
4 2003 3260.91 0.00 0.00 0.00 392.17 0.00 0.00 29.03 0.00 0.00 0.00 0.00 0.00 0.00 0.00 0.00 0.00 0.00
5 2003 1432.94 0.00 0.00 0.00 55.61 0.00 0.00 4.10 0.00 0.00 0.00 0.00 0.00 0.00 0.00 0.00 0.00 0.00
6 2003 14636.41 0.00 0.00 0.00 392.17 0.00 0.00 29.03 0.00 0.00 0.00 0.00 0.00 0.00 0.00 0.00 0.00 0.00
7 2003 14515.28 0.00 0.00 0.00 392.17 0.00 0.00 29.03 0.00 0.00 0.00 0.00 0.00 0.00 0.00 0.00 0.00 0.00
8 2003 501.73 0.00 0.00 0.00 55.61 0.00 0.00 4.10 0.00 0.00 0.00 0.00 0.00 0.00 0.00 0.00 0.00 0.00
9 2003 494.16 0.00 0.00 0.00 55.61 0.00 0.00 4.10 0.00 0.00 0.00 0.00 0.00 0.00 0.00 0.00 0.00 0.00
10 2003 482.80 0.00 0.00 0.00 55.61 0.00 0.00 4.10 0.00 0.00 0.00 0.00 0.00 0.00 0.00 0.00 0.00 0.00
11 2003 611.51 0.00 0.00 0.00 55.61 0.00 0.00 4.10 0.00 0.00 0.00 0.00 0.00 0.00 0.00 0.00 0.00 0.00
12 2003 592.58 0.00 0.00 0.00 55.61 0.00 0.00 4.10 0.00 0.00 0.00 0.00 0.00 0.00 0.00 0.00 0.00 0.00
1 2004 585.01 0.00 0.00 0.00 55.61 0.00 0.00 4.10 0.00 0.00 0.00 0.00 0.00 0.00 0.00 0.00 0.00 0.00
2 2004 698.57 0.00 0.00 0.00 55.61 0.00 0.00 4.10 0.00 0.00 0.00 0.00 0.00 0.00 0.00 0.00 0.00 0.00
3 2004 1126.32 0.00 0.00 0.00 55.61 0.00 0.00 4.10 0.00 0.00 0.00 0.00 0.00 0.00 0.00 0.00 0.00 0.00
4 2004 986.26 0.00 0.00 0.00 55.61 0.00 0.00 4.10 0.00 0.00 0.00 0.00 0.00 0.00 0.00 0.00 0.00 0.00
5 2004 1822.83 0.00 0.00 0.00 55.61 0.00 0.00 4.10 0.00 0.00 0.00 0.00 0.00 0.00 0.00 0.00 0.00 0.00
6 2004 3480.84 0.00 0.00 0.00 392.17 0.00 0.00 29.03 0.00 0.00 0.00 0.00 0.00 0.00 0.00 0.00 0.00 0.00
7 2004 1046.83 0.00 0.00 0.00 55.61 0.00 0.00 4.10 0.00 0.00 0.00 0.00 0.00 0.00 0.00 0.00 0.00 0.00
8 2004 876.48 0.00 0.00 0.00 55.61 0.00 0.00 4.10 0.00 0.00 0.00 0.00 0.00 0.00 0.00 0.00 0.00 0.00
9 2004 668.29 0.00 0.00 0.00 55.61 0.00 0.00 4.10 0.00 0.00 0.00 0.00 0.00 0.00 0.00 0.00 0.00 0.00
10 2004 2644.27 0.00 0.00 0.00 392.17 0.00 0.00 29.03 0.00 0.00 0.00 0.00 0.00 0.00 0.00 0.00 0.00 0.00
11 2004 2621.55 0.00 0.00 0.00 392.17 0.00 0.00 29.03 0.00 0.00 0.00 0.00 0.00 0.00 0.00 0.00 0.00 0.00
12 2004 619.08 0.00 0.00 0.00 55.61 0.00 0.00 4.10 0.00 0.00 0.00 0.00 0.00 0.00 0.00 0.00 0.00 0.00
1 2005 603.94 0.00 0.00 0.00 55.61 0.00 0.00 4.10 0.00 0.00 0.00 0.00 0.00 0.00 0.00 0.00 0.00 0.00
2 2005 774.28 0.00 0.00 0.00 55.61 0.00 0.00 4.10 0.00 0.00 0.00 0.00 0.00 0.00 0.00 0.00 0.00 0.00
3 2005 694.79 0.00 0.00 0.00 55.61 0.00 0.00 4.10 0.00 0.00 0.00 0.00 0.00 0.00 0.00 0.00 0.00 0.00
4 2005 1080.90 0.00 0.00 0.00 55.61 0.00 0.00 4.10 0.00 0.00 0.00 0.00 0.00 0.00 0.00 0.00 0.00 0.00
5 2005 3505.07 0.00 0.00 0.00 392.17 0.00 0.00 29.03 0.00 0.00 0.00 0.00 0.00 0.00 0.00 0.00 0.00 0.00
6 2005 3005.77 0.00 0.00 0.00 392.17 0.00 0.00 29.03 0.00 0.00 0.00 0.00 0.00 0.00 0.00 0.00 0.00 0.00
7 2005 774.28 0.00 0.00 0.00 55.61 0.00 0.00 4.10 0.00 0.00 0.00 0.00 0.00 0.00 0.00 0.00 0.00 0.00
8 2005 698.57 0.00 0.00 0.00 55.61 0.00 0.00 4.10 0.00 0.00 0.00 0.00 0.00 0.00 0.00 0.00 0.00 0.00
9 2005 560.78 0.00 0.00 0.00 55.61 0.00 0.00 4.10 0.00 0.00 0.00 0.00 0.00 0.00 0.00 0.00 0.00 0.00
10 2005 546.02 0.00 0.00 0.00 55.61 0.00 0.00 4.10 0.00 0.00 0.00 0.00 0.00 0.00 0.00 0.00 0.00 0.00
11 2005 8809.17 0.00 0.00 0.00 392.17 0.00 0.00 29.03 0.00 0.00 0.00 0.00 0.00 0.00 0.00 0.00 0.00 0.00
12 2005 701.60 0.00 0.00 0.00 392.17 0.00 0.00 29.03 0.00 0.00 0.00 0.00 0.00 0.00 0.00 0.00 0.00 0.00
1 2006 487.35 0.00 0.00 0.00 55.61 0.00 0.00 4.10 0.00 0.00 0.00 0.00 0.00 0.00 0.00 0.00 0.00 0.00
2 2006 538.83 0.00 0.00 0.00 55.61 0.00 0.00 4.10 0.00 0.00 0.00 0.00 0.00 0.00 0.00 0.00 0.00 0.00
3 2006 643.30 0.00 0.00 0.00 55.61 0.00 0.00 4.10 0.00 0.00 0.00 0.00 0.00 0.00 0.00 0.00 0.00 0.00
4 2006 835.98 0.00 0.00 0.00 55.61 0.00 0.00 4.10 0.00 0.00 0.00 0.00 0.00 0.00 0.00 0.00 0.00 0.00
5 2006 4487.76 0.00 0.00 0.00 392.17 0.00 0.00 29.03 0.00 0.00 0.00 0.00 0.00 0.00 0.00 0.00 0.00 0.00
6 2006 652.01 0.00 0.00 0.00 55.61 0.00 0.00 4.10 0.00 0.00 0.00 0.00 0.00 0.00 0.00 0.00 0.00 0.00
7 2006 759.90 0.00 0.00 0.00 55.61 0.00 0.00 4.10 0.00 0.00 0.00 0.00 0.00 0.00 0.00 0.00 0.00 0.00
8 2006 803.05 0.00 0.00 0.00 55.61 0.00 0.00 4.10 0.00 0.00 0.00 0.00 0.00 0.00 0.00 0.00 0.00 0.00
9 2006 5.84 0.00 0.00 0.00 0.27 0.00 0.00 0.00 0.00 0.00 0.00 0.00 0.00 0.00 0.00 0.00 0.00 0.00
10 2006 5.84 0.00 0.00 0.00 0.27 0.00 0.00 0.00 0.00 0.00 0.00 0.00 0.00 0.00 0.00 0.00 0.00 0.00
11 2006 5.84 0.00 0.00 0.00 0.27 0.00 0.00 0.00 0.00 0.00 0.00 0.00 0.00 0.00 0.00 0.00 0.00 0.00
12 2006 5.84 0.00 0.00 0.00 0.27 0.00 0.00 0.00 0.00 0.00 0.00 0.00 0.00 0.00 0.00 0.00 0.00 0.00
