Written by i_SWAT





1 1983 1073.63 0.00 0.00 0.00 21.36 0.00 0.00 1.55 0.00 0.00 0.00 0.00 0.00 0.00 0.00 0.00 0.00 0.00
2 1983 1573.01 0.00 0.00 0.00 21.36 0.00 0.00 1.55 0.00 0.00 0.00 0.00 0.00 0.00 0.00 0.00 0.00 0.00
3 1983 2713.53 0.00 0.00 0.00 74.88 0.00 0.00 5.52 0.00 0.00 0.00 0.00 0.00 0.00 0.00 0.00 0.00 0.00
4 1983 3439.22 0.00 0.00 0.00 21.36 0.00 0.00 1.55 0.00 0.00 0.00 0.00 0.00 0.00 0.00 0.00 0.00 0.00
5 1983 4126.99 0.00 0.00 0.00 74.88 0.00 0.00 5.52 0.00 0.00 0.00 0.00 0.00 0.00 0.00 0.00 0.00 0.00
6 1983 2192.66 0.00 0.00 0.00 21.36 0.00 0.00 1.55 0.00 0.00 0.00 0.00 0.00 0.00 0.00 0.00 0.00 0.00
7 1983 2067.22 0.00 0.00 0.00 74.88 0.00 0.00 5.52 0.00 0.00 0.00 0.00 0.00 0.00 0.00 0.00 0.00 0.00
8 1983 2041.53 0.00 0.00 0.00 21.36 0.00 0.00 1.55 0.00 0.00 0.00 0.00 0.00 0.00 0.00 0.00 0.00 0.00
9 1983 1793.22 0.00 0.00 0.00 74.88 0.00 0.00 5.52 0.00 0.00 0.00 0.00 0.00 0.00 0.00 0.00 0.00 0.00
10 1983 1357.60 0.00 0.00 0.00 21.36 0.00 0.00 1.55 0.00 0.00 0.00 0.00 0.00 0.00 0.00 0.00 0.00 0.00
11 1983 1431.79 0.00 0.00 0.00 21.36 0.00 0.00 1.55 0.00 0.00 0.00 0.00 0.00 0.00 0.00 0.00 0.00 0.00
12 1983 1224.47 0.00 0.00 0.00 21.36 0.00 0.00 1.55 0.00 0.00 0.00 0.00 0.00 0.00 0.00 0.00 0.00 0.00
1 1984 1073.63 0.00 0.00 0.00 21.36 0.00 0.00 1.55 0.00 0.00 0.00 0.00 0.00 0.00 0.00 0.00 0.00 0.00
2 1984 1573.01 0.00 0.00 0.00 21.36 0.00 0.00 1.55 0.00 0.00 0.00 0.00 0.00 0.00 0.00 0.00 0.00 0.00
3 1984 2713.53 0.00 0.00 0.00 74.88 0.00 0.00 5.52 0.00 0.00 0.00 0.00 0.00 0.00 0.00 0.00 0.00 0.00
4 1984 3439.22 0.00 0.00 0.00 21.36 0.00 0.00 1.55 0.00 0.00 0.00 0.00 0.00 0.00 0.00 0.00 0.00 0.00
5 1984 4126.99 0.00 0.00 0.00 74.88 0.00 0.00 5.52 0.00 0.00 0.00 0.00 0.00 0.00 0.00 0.00 0.00 0.00
6 1984 2192.66 0.00 0.00 0.00 21.36 0.00 0.00 1.55 0.00 0.00 0.00 0.00 0.00 0.00 0.00 0.00 0.00 0.00
7 1984 2067.22 0.00 0.00 0.00 74.88 0.00 0.00 5.52 0.00 0.00 0.00 0.00 0.00 0.00 0.00 0.00 0.00 0.00
8 1984 2041.53 0.00 0.00 0.00 21.36 0.00 0.00 1.55 0.00 0.00 0.00 0.00 0.00 0.00 0.00 0.00 0.00 0.00
9 1984 1793.22 0.00 0.00 0.00 74.88 0.00 0.00 5.52 0.00 0.00 0.00 0.00 0.00 0.00 0.00 0.00 0.00 0.00
10 1984 1357.60 0.00 0.00 0.00 21.36 0.00 0.00 1.55 0.00 0.00 0.00 0.00 0.00 0.00 0.00 0.00 0.00 0.00
11 1984 1431.79 0.00 0.00 0.00 21.36 0.00 0.00 1.55 0.00 0.00 0.00 0.00 0.00 0.00 0.00 0.00 0.00 0.00
12 1984 1224.47 0.00 0.00 0.00 21.36 0.00 0.00 1.55 0.00 0.00 0.00 0.00 0.00 0.00 0.00 0.00 0.00 0.00
1 1985 1073.63 0.00 0.00 0.00 21.36 0.00 0.00 1.55 0.00 0.00 0.00 0.00 0.00 0.00 0.00 0.00 0.00 0.00
2 1985 1573.01 0.00 0.00 0.00 21.36 0.00 0.00 1.55 0.00 0.00 0.00 0.00 0.00 0.00 0.00 0.00 0.00 0.00
3 1985 2713.53 0.00 0.00 0.00 74.88 0.00 0.00 5.52 0.00 0.00 0.00 0.00 0.00 0.00 0.00 0.00 0.00 0.00
4 1985 3439.22 0.00 0.00 0.00 21.36 0.00 0.00 1.55 0.00 0.00 0.00 0.00 0.00 0.00 0.00 0.00 0.00 0.00
5 1985 4126.99 0.00 0.00 0.00 74.88 0.00 0.00 5.52 0.00 0.00 0.00 0.00 0.00 0.00 0.00 0.00 0.00 0.00
6 1985 2192.66 0.00 0.00 0.00 21.36 0.00 0.00 1.55 0.00 0.00 0.00 0.00 0.00 0.00 0.00 0.00 0.00 0.00
7 1985 2067.22 0.00 0.00 0.00 74.88 0.00 0.00 5.52 0.00 0.00 0.00 0.00 0.00 0.00 0.00 0.00 0.00 0.00
8 1985 2041.53 0.00 0.00 0.00 21.36 0.00 0.00 1.55 0.00 0.00 0.00 0.00 0.00 0.00 0.00 0.00 0.00 0.00
9 1985 1793.22 0.00 0.00 0.00 74.88 0.00 0.00 5.52 0.00 0.00 0.00 0.00 0.00 0.00 0.00 0.00 0.00 0.00
10 1985 1357.60 0.00 0.00 0.00 21.36 0.00 0.00 1.55 0.00 0.00 0.00 0.00 0.00 0.00 0.00 0.00 0.00 0.00
11 1985 1431.79 0.00 0.00 0.00 21.36 0.00 0.00 1.55 0.00 0.00 0.00 0.00 0.00 0.00 0.00 0.00 0.00 0.00
12 1985 1224.47 0.00 0.00 0.00 21.36 0.00 0.00 1.55 0.00 0.00 0.00 0.00 0.00 0.00 0.00 0.00 0.00 0.00
1 1986 1073.63 0.00 0.00 0.00 21.36 0.00 0.00 1.55 0.00 0.00 0.00 0.00 0.00 0.00 0.00 0.00 0.00 0.00
2 1986 1573.01 0.00 0.00 0.00 21.36 0.00 0.00 1.55 0.00 0.00 0.00 0.00 0.00 0.00 0.00 0.00 0.00 0.00
3 1986 2713.53 0.00 0.00 0.00 74.88 0.00 0.00 5.52 0.00 0.00 0.00 0.00 0.00 0.00 0.00 0.00 0.00 0.00
4 1986 3439.22 0.00 0.00 0.00 21.36 0.00 0.00 1.55 0.00 0.00 0.00 0.00 0.00 0.00 0.00 0.00 0.00 0.00
5 1986 4126.99 0.00 0.00 0.00 74.88 0.00 0.00 5.52 0.00 0.00 0.00 0.00 0.00 0.00 0.00 0.00 0.00 0.00
6 1986 2192.66 0.00 0.00 0.00 21.36 0.00 0.00 1.55 0.00 0.00 0.00 0.00 0.00 0.00 0.00 0.00 0.00 0.00
7 1986 2067.22 0.00 0.00 0.00 74.88 0.00 0.00 5.52 0.00 0.00 0.00 0.00 0.00 0.00 0.00 0.00 0.00 0.00
8 1986 2041.53 0.00 0.00 0.00 21.36 0.00 0.00 1.55 0.00 0.00 0.00 0.00 0.00 0.00 0.00 0.00 0.00 0.00
9 1986 1793.22 0.00 0.00 0.00 74.88 0.00 0.00 5.52 0.00 0.00 0.00 0.00 0.00 0.00 0.00 0.00 0.00 0.00
10 1986 1357.60 0.00 0.00 0.00 21.36 0.00 0.00 1.55 0.00 0.00 0.00 0.00 0.00 0.00 0.00 0.00 0.00 0.00
11 1986 1431.79 0.00 0.00 0.00 21.36 0.00 0.00 1.55 0.00 0.00 0.00 0.00 0.00 0.00 0.00 0.00 0.00 0.00
12 1986 1224.47 0.00 0.00 0.00 21.36 0.00 0.00 1.55 0.00 0.00 0.00 0.00 0.00 0.00 0.00 0.00 0.00 0.00
1 1987 1073.63 0.00 0.00 0.00 21.36 0.00 0.00 1.55 0.00 0.00 0.00 0.00 0.00 0.00 0.00 0.00 0.00 0.00
2 1987 1573.01 0.00 0.00 0.00 21.36 0.00 0.00 1.55 0.00 0.00 0.00 0.00 0.00 0.00 0.00 0.00 0.00 0.00
3 1987 2713.53 0.00 0.00 0.00 74.88 0.00 0.00 5.52 0.00 0.00 0.00 0.00 0.00 0.00 0.00 0.00 0.00 0.00
4 1987 3439.22 0.00 0.00 0.00 21.36 0.00 0.00 1.55 0.00 0.00 0.00 0.00 0.00 0.00 0.00 0.00 0.00 0.00
5 1987 4126.99 0.00 0.00 0.00 74.88 0.00 0.00 5.52 0.00 0.00 0.00 0.00 0.00 0.00 0.00 0.00 0.00 0.00
6 1987 2192.66 0.00 0.00 0.00 21.36 0.00 0.00 1.55 0.00 0.00 0.00 0.00 0.00 0.00 0.00 0.00 0.00 0.00
7 1987 2067.22 0.00 0.00 0.00 74.88 0.00 0.00 5.52 0.00 0.00 0.00 0.00 0.00 0.00 0.00 0.00 0.00 0.00
8 1987 2041.53 0.00 0.00 0.00 21.36 0.00 0.00 1.55 0.00 0.00 0.00 0.00 0.00 0.00 0.00 0.00 0.00 0.00
9 1987 1793.22 0.00 0.00 0.00 74.88 0.00 0.00 5.52 0.00 0.00 0.00 0.00 0.00 0.00 0.00 0.00 0.00 0.00
10 1987 1357.60 0.00 0.00 0.00 21.36 0.00 0.00 1.55 0.00 0.00 0.00 0.00 0.00 0.00 0.00 0.00 0.00 0.00
11 1987 1431.79 0.00 0.00 0.00 21.36 0.00 0.00 1.55 0.00 0.00 0.00 0.00 0.00 0.00 0.00 0.00 0.00 0.00
12 1987 1224.47 0.00 0.00 0.00 21.36 0.00 0.00 1.55 0.00 0.00 0.00 0.00 0.00 0.00 0.00 0.00 0.00 0.00
1 1988 1073.63 0.00 0.00 0.00 21.36 0.00 0.00 1.55 0.00 0.00 0.00 0.00 0.00 0.00 0.00 0.00 0.00 0.00
2 1988 1573.01 0.00 0.00 0.00 21.36 0.00 0.00 1.55 0.00 0.00 0.00 0.00 0.00 0.00 0.00 0.00 0.00 0.00
3 1988 2713.53 0.00 0.00 0.00 74.88 0.00 0.00 5.52 0.00 0.00 0.00 0.00 0.00 0.00 0.00 0.00 0.00 0.00
4 1988 3439.22 0.00 0.00 0.00 21.36 0.00 0.00 1.55 0.00 0.00 0.00 0.00 0.00 0.00 0.00 0.00 0.00 0.00
5 1988 4126.99 0.00 0.00 0.00 74.88 0.00 0.00 5.52 0.00 0.00 0.00 0.00 0.00 0.00 0.00 0.00 0.00 0.00
6 1988 2192.66 0.00 0.00 0.00 21.36 0.00 0.00 1.55 0.00 0.00 0.00 0.00 0.00 0.00 0.00 0.00 0.00 0.00
7 1988 2067.22 0.00 0.00 0.00 74.88 0.00 0.00 5.52 0.00 0.00 0.00 0.00 0.00 0.00 0.00 0.00 0.00 0.00
8 1988 2041.53 0.00 0.00 0.00 21.36 0.00 0.00 1.55 0.00 0.00 0.00 0.00 0.00 0.00 0.00 0.00 0.00 0.00
9 1988 1793.22 0.00 0.00 0.00 74.88 0.00 0.00 5.52 0.00 0.00 0.00 0.00 0.00 0.00 0.00 0.00 0.00 0.00
10 1988 1357.60 0.00 0.00 0.00 21.36 0.00 0.00 1.55 0.00 0.00 0.00 0.00 0.00 0.00 0.00 0.00 0.00 0.00
11 1988 1431.79 0.00 0.00 0.00 21.36 0.00 0.00 1.55 0.00 0.00 0.00 0.00 0.00 0.00 0.00 0.00 0.00 0.00
12 1988 1224.47 0.00 0.00 0.00 21.36 0.00 0.00 1.55 0.00 0.00 0.00 0.00 0.00 0.00 0.00 0.00 0.00 0.00
1 1989 1073.63 0.00 0.00 0.00 21.36 0.00 0.00 1.55 0.00 0.00 0.00 0.00 0.00 0.00 0.00 0.00 0.00 0.00
2 1989 1573.01 0.00 0.00 0.00 21.36 0.00 0.00 1.55 0.00 0.00 0.00 0.00 0.00 0.00 0.00 0.00 0.00 0.00
3 1989 2713.53 0.00 0.00 0.00 74.88 0.00 0.00 5.52 0.00 0.00 0.00 0.00 0.00 0.00 0.00 0.00 0.00 0.00
4 1989 3439.22 0.00 0.00 0.00 21.36 0.00 0.00 1.55 0.00 0.00 0.00 0.00 0.00 0.00 0.00 0.00 0.00 0.00
5 1989 4126.99 0.00 0.00 0.00 74.88 0.00 0.00 5.52 0.00 0.00 0.00 0.00 0.00 0.00 0.00 0.00 0.00 0.00
6 1989 2192.66 0.00 0.00 0.00 21.36 0.00 0.00 1.55 0.00 0.00 0.00 0.00 0.00 0.00 0.00 0.00 0.00 0.00
7 1989 2067.22 0.00 0.00 0.00 74.88 0.00 0.00 5.52 0.00 0.00 0.00 0.00 0.00 0.00 0.00 0.00 0.00 0.00
8 1989 2041.53 0.00 0.00 0.00 21.36 0.00 0.00 1.55 0.00 0.00 0.00 0.00 0.00 0.00 0.00 0.00 0.00 0.00
9 1989 1793.22 0.00 0.00 0.00 74.88 0.00 0.00 5.52 0.00 0.00 0.00 0.00 0.00 0.00 0.00 0.00 0.00 0.00
10 1989 1357.60 0.00 0.00 0.00 21.36 0.00 0.00 1.55 0.00 0.00 0.00 0.00 0.00 0.00 0.00 0.00 0.00 0.00
11 1989 1431.79 0.00 0.00 0.00 21.36 0.00 0.00 1.55 0.00 0.00 0.00 0.00 0.00 0.00 0.00 0.00 0.00 0.00
12 1989 1224.47 0.00 0.00 0.00 21.36 0.00 0.00 1.55 0.00 0.00 0.00 0.00 0.00 0.00 0.00 0.00 0.00 0.00
1 1990 1073.63 0.00 0.00 0.00 21.36 0.00 0.00 1.55 0.00 0.00 0.00 0.00 0.00 0.00 0.00 0.00 0.00 0.00
2 1990 1573.01 0.00 0.00 0.00 21.36 0.00 0.00 1.55 0.00 0.00 0.00 0.00 0.00 0.00 0.00 0.00 0.00 0.00
3 1990 2713.53 0.00 0.00 0.00 74.88 0.00 0.00 5.52 0.00 0.00 0.00 0.00 0.00 0.00 0.00 0.00 0.00 0.00
4 1990 3439.22 0.00 0.00 0.00 21.36 0.00 0.00 1.55 0.00 0.00 0.00 0.00 0.00 0.00 0.00 0.00 0.00 0.00
5 1990 4126.99 0.00 0.00 0.00 74.88 0.00 0.00 5.52 0.00 0.00 0.00 0.00 0.00 0.00 0.00 0.00 0.00 0.00
6 1990 2192.66 0.00 0.00 0.00 21.36 0.00 0.00 1.55 0.00 0.00 0.00 0.00 0.00 0.00 0.00 0.00 0.00 0.00
7 1990 2067.22 0.00 0.00 0.00 74.88 0.00 0.00 5.52 0.00 0.00 0.00 0.00 0.00 0.00 0.00 0.00 0.00 0.00
8 1990 2041.53 0.00 0.00 0.00 21.36 0.00 0.00 1.55 0.00 0.00 0.00 0.00 0.00 0.00 0.00 0.00 0.00 0.00
9 1990 1793.22 0.00 0.00 0.00 74.88 0.00 0.00 5.52 0.00 0.00 0.00 0.00 0.00 0.00 0.00 0.00 0.00 0.00
10 1990 1357.60 0.00 0.00 0.00 21.36 0.00 0.00 1.55 0.00 0.00 0.00 0.00 0.00 0.00 0.00 0.00 0.00 0.00
11 1990 1431.79 0.00 0.00 0.00 21.36 0.00 0.00 1.55 0.00 0.00 0.00 0.00 0.00 0.00 0.00 0.00 0.00 0.00
12 1990 1224.47 0.00 0.00 0.00 21.36 0.00 0.00 1.55 0.00 0.00 0.00 0.00 0.00 0.00 0.00 0.00 0.00 0.00
1 1991 1073.63 0.00 0.00 0.00 21.36 0.00 0.00 1.55 0.00 0.00 0.00 0.00 0.00 0.00 0.00 0.00 0.00 0.00
2 1991 1573.01 0.00 0.00 0.00 21.36 0.00 0.00 1.55 0.00 0.00 0.00 0.00 0.00 0.00 0.00 0.00 0.00 0.00
3 1991 2713.53 0.00 0.00 0.00 74.88 0.00 0.00 5.52 0.00 0.00 0.00 0.00 0.00 0.00 0.00 0.00 0.00 0.00
4 1991 3439.22 0.00 0.00 0.00 21.36 0.00 0.00 1.55 0.00 0.00 0.00 0.00 0.00 0.00 0.00 0.00 0.00 0.00
5 1991 4126.99 0.00 0.00 0.00 74.88 0.00 0.00 5.52 0.00 0.00 0.00 0.00 0.00 0.00 0.00 0.00 0.00 0.00
6 1991 2192.66 0.00 0.00 0.00 21.36 0.00 0.00 1.55 0.00 0.00 0.00 0.00 0.00 0.00 0.00 0.00 0.00 0.00
7 1991 2067.22 0.00 0.00 0.00 74.88 0.00 0.00 5.52 0.00 0.00 0.00 0.00 0.00 0.00 0.00 0.00 0.00 0.00
8 1991 2041.53 0.00 0.00 0.00 21.36 0.00 0.00 1.55 0.00 0.00 0.00 0.00 0.00 0.00 0.00 0.00 0.00 0.00
9 1991 1793.22 0.00 0.00 0.00 74.88 0.00 0.00 5.52 0.00 0.00 0.00 0.00 0.00 0.00 0.00 0.00 0.00 0.00
10 1991 1357.60 0.00 0.00 0.00 21.36 0.00 0.00 1.55 0.00 0.00 0.00 0.00 0.00 0.00 0.00 0.00 0.00 0.00
11 1991 1431.79 0.00 0.00 0.00 21.36 0.00 0.00 1.55 0.00 0.00 0.00 0.00 0.00 0.00 0.00 0.00 0.00 0.00
12 1991 1224.47 0.00 0.00 0.00 21.36 0.00 0.00 1.55 0.00 0.00 0.00 0.00 0.00 0.00 0.00 0.00 0.00 0.00
1 1992 1073.63 0.00 0.00 0.00 21.36 0.00 0.00 1.55 0.00 0.00 0.00 0.00 0.00 0.00 0.00 0.00 0.00 0.00
2 1992 1573.01 0.00 0.00 0.00 21.36 0.00 0.00 1.55 0.00 0.00 0.00 0.00 0.00 0.00 0.00 0.00 0.00 0.00
3 1992 2713.53 0.00 0.00 0.00 74.88 0.00 0.00 5.52 0.00 0.00 0.00 0.00 0.00 0.00 0.00 0.00 0.00 0.00
4 1992 3439.22 0.00 0.00 0.00 21.36 0.00 0.00 1.55 0.00 0.00 0.00 0.00 0.00 0.00 0.00 0.00 0.00 0.00
5 1992 4126.99 0.00 0.00 0.00 74.88 0.00 0.00 5.52 0.00 0.00 0.00 0.00 0.00 0.00 0.00 0.00 0.00 0.00
6 1992 2192.66 0.00 0.00 0.00 21.36 0.00 0.00 1.55 0.00 0.00 0.00 0.00 0.00 0.00 0.00 0.00 0.00 0.00
7 1992 2067.22 0.00 0.00 0.00 74.88 0.00 0.00 5.52 0.00 0.00 0.00 0.00 0.00 0.00 0.00 0.00 0.00 0.00
8 1992 2041.53 0.00 0.00 0.00 21.36 0.00 0.00 1.55 0.00 0.00 0.00 0.00 0.00 0.00 0.00 0.00 0.00 0.00
9 1992 1793.22 0.00 0.00 0.00 74.88 0.00 0.00 5.52 0.00 0.00 0.00 0.00 0.00 0.00 0.00 0.00 0.00 0.00
10 1992 1357.60 0.00 0.00 0.00 21.36 0.00 0.00 1.55 0.00 0.00 0.00 0.00 0.00 0.00 0.00 0.00 0.00 0.00
11 1992 1431.79 0.00 0.00 0.00 21.36 0.00 0.00 1.55 0.00 0.00 0.00 0.00 0.00 0.00 0.00 0.00 0.00 0.00
12 1992 1224.47 0.00 0.00 0.00 21.36 0.00 0.00 1.55 0.00 0.00 0.00 0.00 0.00 0.00 0.00 0.00 0.00 0.00
1 1993 1073.63 0.00 0.00 0.00 21.36 0.00 0.00 1.55 0.00 0.00 0.00 0.00 0.00 0.00 0.00 0.00 0.00 0.00
2 1993 1573.01 0.00 0.00 0.00 21.36 0.00 0.00 1.55 0.00 0.00 0.00 0.00 0.00 0.00 0.00 0.00 0.00 0.00
3 1993 2713.53 0.00 0.00 0.00 74.88 0.00 0.00 5.52 0.00 0.00 0.00 0.00 0.00 0.00 0.00 0.00 0.00 0.00
4 1993 3439.22 0.00 0.00 0.00 21.36 0.00 0.00 1.55 0.00 0.00 0.00 0.00 0.00 0.00 0.00 0.00 0.00 0.00
5 1993 4126.99 0.00 0.00 0.00 74.88 0.00 0.00 5.52 0.00 0.00 0.00 0.00 0.00 0.00 0.00 0.00 0.00 0.00
6 1993 2192.66 0.00 0.00 0.00 21.36 0.00 0.00 1.55 0.00 0.00 0.00 0.00 0.00 0.00 0.00 0.00 0.00 0.00
7 1993 2067.22 0.00 0.00 0.00 74.88 0.00 0.00 5.52 0.00 0.00 0.00 0.00 0.00 0.00 0.00 0.00 0.00 0.00
8 1993 6776.77 0.00 0.00 0.00 21.36 0.00 0.00 1.55 0.00 0.00 0.00 0.00 0.00 0.00 0.00 0.00 0.00 0.00
9 1993 6708.71 0.00 0.00 0.00 74.88 0.00 0.00 5.52 0.00 0.00 0.00 0.00 0.00 0.00 0.00 0.00 0.00 0.00
10 1993 3396.41 0.00 0.00 0.00 21.36 0.00 0.00 1.55 0.00 0.00 0.00 0.00 0.00 0.00 0.00 0.00 0.00 0.00
11 1993 1530.21 0.00 0.00 0.00 21.36 0.00 0.00 1.55 0.00 0.00 0.00 0.00 0.00 0.00 0.00 0.00 0.00 0.00
12 1993 1204.67 0.00 0.00 0.00 21.36 0.00 0.00 1.55 0.00 0.00 0.00 0.00 0.00 0.00 0.00 0.00 0.00 0.00
1 1994 1216.02 0.00 0.00 0.00 21.36 0.00 0.00 1.55 0.00 0.00 0.00 0.00 0.00 0.00 0.00 0.00 0.00 0.00
2 1994 1314.44 0.00 0.00 0.00 21.36 0.00 0.00 1.55 0.00 0.00 0.00 0.00 0.00 0.00 0.00 0.00 0.00 0.00
3 1994 2032.15 0.00 0.00 0.00 74.88 0.00 0.00 5.52 0.00 0.00 0.00 0.00 0.00 0.00 0.00 0.00 0.00 0.00
4 1994 1469.64 0.00 0.00 0.00 21.36 0.00 0.00 1.55 0.00 0.00 0.00 0.00 0.00 0.00 0.00 0.00 0.00 0.00
5 1994 280.27 0.00 0.00 0.00 74.88 0.00 0.00 5.52 0.00 0.00 0.00 0.00 0.00 0.00 0.00 0.00 0.00 0.00
6 1994 3918.80 0.00 0.00 0.00 21.36 0.00 0.00 1.55 0.00 0.00 0.00 0.00 0.00 0.00 0.00 0.00 0.00 0.00
7 1994 2834.55 0.00 0.00 0.00 74.88 0.00 0.00 5.52 0.00 0.00 0.00 0.00 0.00 0.00 0.00 0.00 0.00 0.00
8 1994 1560.49 0.00 0.00 0.00 21.36 0.00 0.00 1.55 0.00 0.00 0.00 0.00 0.00 0.00 0.00 0.00 0.00 0.00
9 1994 1306.95 0.00 0.00 0.00 74.88 0.00 0.00 5.52 0.00 0.00 0.00 0.00 0.00 0.00 0.00 0.00 0.00 0.00
10 1994 213.65 0.00 0.00 0.00 21.36 0.00 0.00 1.55 0.00 0.00 0.00 0.00 0.00 0.00 0.00 0.00 0.00 0.00
11 1994 1155.45 0.00 0.00 0.00 21.36 0.00 0.00 1.55 0.00 0.00 0.00 0.00 0.00 0.00 0.00 0.00 0.00 0.00
12 1994 1465.86 0.00 0.00 0.00 21.36 0.00 0.00 1.55 0.00 0.00 0.00 0.00 0.00 0.00 0.00 0.00 0.00 0.00
1 1995 1322.01 0.00 0.00 0.00 21.36 0.00 0.00 1.55 0.00 0.00 0.00 0.00 0.00 0.00 0.00 0.00 0.00 0.00
2 1995 1533.99 0.00 0.00 0.00 21.36 0.00 0.00 1.55 0.00 0.00 0.00 0.00 0.00 0.00 0.00 0.00 0.00 0.00
3 1995 3304.05 0.00 0.00 0.00 74.88 0.00 0.00 5.52 0.00 0.00 0.00 0.00 0.00 0.00 0.00 0.00 0.00 0.00
4 1995 6822.20 0.00 0.00 0.00 21.36 0.00 0.00 1.55 0.00 0.00 0.00 0.00 0.00 0.00 0.00 0.00 0.00 0.00
5 1995 5431.44 0.00 0.00 0.00 74.88 0.00 0.00 5.52 0.00 0.00 0.00 0.00 0.00 0.00 0.00 0.00 0.00 0.00
6 1995 2927.02 0.00 0.00 0.00 21.36 0.00 0.00 1.55 0.00 0.00 0.00 0.00 0.00 0.00 0.00 0.00 0.00 0.00
7 1995 3197.95 0.00 0.00 0.00 74.88 0.00 0.00 5.52 0.00 0.00 0.00 0.00 0.00 0.00 0.00 0.00 0.00 0.00
8 1995 1776.26 0.00 0.00 0.00 21.36 0.00 0.00 1.55 0.00 0.00 0.00 0.00 0.00 0.00 0.00 0.00 0.00 0.00
9 1995 1087.39 0.00 0.00 0.00 74.88 0.00 0.00 5.52 0.00 0.00 0.00 0.00 0.00 0.00 0.00 0.00 0.00 0.00
10 1995 1132.74 0.00 0.00 0.00 21.36 0.00 0.00 1.55 0.00 0.00 0.00 0.00 0.00 0.00 0.00 0.00 0.00 0.00
11 1995 1613.49 0.00 0.00 0.00 21.36 0.00 0.00 1.55 0.00 0.00 0.00 0.00 0.00 0.00 0.00 0.00 0.00 0.00
12 1995 947.26 0.00 0.00 0.00 21.36 0.00 0.00 1.55 0.00 0.00 0.00 0.00 0.00 0.00 0.00 0.00 0.00 0.00
1 1996 1299.30 0.00 0.00 0.00 21.36 0.00 0.00 1.55 0.00 0.00 0.00 0.00 0.00 0.00 0.00 0.00 0.00 0.00
2 1996 1931.46 0.00 0.00 0.00 21.36 0.00 0.00 1.55 0.00 0.00 0.00 0.00 0.00 0.00 0.00 0.00 0.00 0.00
3 1996 1558.98 0.00 0.00 0.00 74.88 0.00 0.00 5.52 0.00 0.00 0.00 0.00 0.00 0.00 0.00 0.00 0.00 0.00
4 1996 1904.96 0.00 0.00 0.00 21.36 0.00 0.00 1.55 0.00 0.00 0.00 0.00 0.00 0.00 0.00 0.00 0.00 0.00
5 1996 11976.40 0.00 0.00 0.00 74.88 0.00 0.00 5.52 0.00 0.00 0.00 0.00 0.00 0.00 0.00 0.00 0.00 0.00
6 1996 4229.20 0.00 0.00 0.00 21.36 0.00 0.00 1.55 0.00 0.00 0.00 0.00 0.00 0.00 0.00 0.00 0.00 0.00
7 1996 2512.79 0.00 0.00 0.00 74.88 0.00 0.00 5.52 0.00 0.00 0.00 0.00 0.00 0.00 0.00 0.00 0.00 0.00
8 1996 1806.54 0.00 0.00 0.00 21.36 0.00 0.00 1.55 0.00 0.00 0.00 0.00 0.00 0.00 0.00 0.00 0.00 0.00
9 1996 1704.41 0.00 0.00 0.00 74.88 0.00 0.00 5.52 0.00 0.00 0.00 0.00 0.00 0.00 0.00 0.00 0.00 0.00
10 1996 1897.39 0.00 0.00 0.00 21.36 0.00 0.00 1.55 0.00 0.00 0.00 0.00 0.00 0.00 0.00 0.00 0.00 0.00
11 1996 2571.20 0.00 0.00 0.00 21.36 0.00 0.00 1.55 0.00 0.00 0.00 0.00 0.00 0.00 0.00 0.00 0.00 0.00
12 1996 2283.50 0.00 0.00 0.00 21.36 0.00 0.00 1.55 0.00 0.00 0.00 0.00 0.00 0.00 0.00 0.00 0.00 0.00
1 1997 1628.63 0.00 0.00 0.00 74.88 0.00 0.00 5.52 0.00 0.00 0.00 0.00 0.00 0.00 0.00 0.00 0.00 0.00
2 1997 2116.95 0.00 0.00 0.00 21.36 0.00 0.00 1.55 0.00 0.00 0.00 0.00 0.00 0.00 0.00 0.00 0.00 0.00
3 1997 2169.94 0.00 0.00 0.00 74.88 0.00 0.00 5.52 0.00 0.00 0.00 0.00 0.00 0.00 0.00 0.00 0.00 0.00
4 1997 5239.90 0.00 0.00 0.00 74.88 0.00 0.00 5.52 0.00 0.00 0.00 0.00 0.00 0.00 0.00 0.00 0.00 0.00
5 1997 4573.67 0.00 0.00 0.00 74.88 0.00 0.00 5.52 0.00 0.00 0.00 0.00 0.00 0.00 0.00 0.00 0.00 0.00
6 1997 1621.06 0.00 0.00 0.00 74.88 0.00 0.00 5.52 0.00 0.00 0.00 0.00 0.00 0.00 0.00 0.00 0.00 0.00
7 1997 1231.16 0.00 0.00 0.00 74.88 0.00 0.00 5.52 0.00 0.00 0.00 0.00 0.00 0.00 0.00 0.00 0.00 0.00
8 1997 1371.22 0.00 0.00 0.00 74.88 0.00 0.00 5.52 0.00 0.00 0.00 0.00 0.00 0.00 0.00 0.00 0.00 0.00
9 1997 1314.44 0.00 0.00 0.00 74.88 0.00 0.00 5.52 0.00 0.00 0.00 0.00 0.00 0.00 0.00 0.00 0.00 0.00
10 1997 2983.80 0.00 0.00 0.00 74.88 0.00 0.00 5.52 0.00 0.00 0.00 0.00 0.00 0.00 0.00 0.00 0.00 0.00
11 1997 1227.38 0.00 0.00 0.00 21.36 0.00 0.00 1.55 0.00 0.00 0.00 0.00 0.00 0.00 0.00 0.00 0.00 0.00
12 1997 1276.59 0.00 0.00 0.00 21.36 0.00 0.00 1.55 0.00 0.00 0.00 0.00 0.00 0.00 0.00 0.00 0.00 0.00
1 1998 1234.95 0.00 0.00 0.00 21.36 0.00 0.00 1.55 0.00 0.00 0.00 0.00 0.00 0.00 0.00 0.00 0.00 0.00
2 1998 2431.14 0.00 0.00 0.00 21.36 0.00 0.00 1.55 0.00 0.00 0.00 0.00 0.00 0.00 0.00 0.00 0.00 0.00
3 1998 6636.71 0.00 0.00 0.00 74.88 0.00 0.00 5.52 0.00 0.00 0.00 0.00 0.00 0.00 0.00 0.00 0.00 0.00
4 1998 5864.49 0.00 0.00 0.00 74.88 0.00 0.00 5.52 0.00 0.00 0.00 0.00 0.00 0.00 0.00 0.00 0.00 0.00
5 1998 2571.20 0.00 0.00 0.00 74.88 0.00 0.00 5.52 0.00 0.00 0.00 0.00 0.00 0.00 0.00 0.00 0.00 0.00
6 1998 140.97 0.00 0.00 0.00 74.88 0.00 0.00 5.52 0.00 0.00 0.00 0.00 0.00 0.00 0.00 0.00 0.00 0.00
7 1998 526.32 0.00 0.00 0.00 74.88 0.00 0.00 5.52 0.00 0.00 0.00 0.00 0.00 0.00 0.00 0.00 0.00 0.00
8 1998 3218.50 0.00 0.00 0.00 74.88 0.00 0.00 5.52 0.00 0.00 0.00 0.00 0.00 0.00 0.00 0.00 0.00 0.00
9 1998 2885.38 0.00 0.00 0.00 74.88 0.00 0.00 5.52 0.00 0.00 0.00 0.00 0.00 0.00 0.00 0.00 0.00 0.00
10 1998 1825.47 0.00 0.00 0.00 74.88 0.00 0.00 5.52 0.00 0.00 0.00 0.00 0.00 0.00 0.00 0.00 0.00 0.00
11 1998 1999.60 0.00 0.00 0.00 21.36 0.00 0.00 1.55 0.00 0.00 0.00 0.00 0.00 0.00 0.00 0.00 0.00 0.00
12 1998 1704.34 0.00 0.00 0.00 21.36 0.00 0.00 1.55 0.00 0.00 0.00 0.00 0.00 0.00 0.00 0.00 0.00 0.00
1 1999 1658.91 0.00 0.00 0.00 21.36 0.00 0.00 1.55 0.00 0.00 0.00 0.00 0.00 0.00 0.00 0.00 0.00 0.00
2 1999 2419.78 0.00 0.00 0.00 21.36 0.00 0.00 1.55 0.00 0.00 0.00 0.00 0.00 0.00 0.00 0.00 0.00 0.00
3 1999 3180.64 0.00 0.00 0.00 74.88 0.00 0.00 5.52 0.00 0.00 0.00 0.00 0.00 0.00 0.00 0.00 0.00 0.00
4 1999 5421.60 0.00 0.00 0.00 74.88 0.00 0.00 5.52 0.00 0.00 0.00 0.00 0.00 0.00 0.00 0.00 0.00 0.00
5 1999 6587.50 0.00 0.00 0.00 74.88 0.00 0.00 5.52 0.00 0.00 0.00 0.00 0.00 0.00 0.00 0.00 0.00 0.00
6 1999 3445.62 0.00 0.00 0.00 74.88 0.00 0.00 5.52 0.00 0.00 0.00 0.00 0.00 0.00 0.00 0.00 0.00 0.00
7 1999 3604.61 0.00 0.00 0.00 21.36 0.00 0.00 1.55 0.00 0.00 0.00 0.00 0.00 0.00 0.00 0.00 0.00 0.00
8 1999 2143.45 0.00 0.00 0.00 21.36 0.00 0.00 1.55 0.00 0.00 0.00 0.00 0.00 0.00 0.00 0.00 0.00 0.00
9 1999 1106.24 0.00 0.00 0.00 21.36 0.00 0.00 1.55 0.00 0.00 0.00 0.00 0.00 0.00 0.00 0.00 0.00 0.00
10 1999 1094.89 0.00 0.00 0.00 21.36 0.00 0.00 1.55 0.00 0.00 0.00 0.00 0.00 0.00 0.00 0.00 0.00 0.00
11 1999 1068.39 0.00 0.00 0.00 21.36 0.00 0.00 1.55 0.00 0.00 0.00 0.00 0.00 0.00 0.00 0.00 0.00 0.00
12 1999 1738.41 0.00 0.00 0.00 21.36 0.00 0.00 1.55 0.00 0.00 0.00 0.00 0.00 0.00 0.00 0.00 0.00 0.00
1 2000 879.12 0.00 0.00 0.00 21.36 0.00 0.00 1.55 0.00 0.00 0.00 0.00 0.00 0.00 0.00 0.00 0.00 0.00
2 2000 1382.58 0.00 0.00 0.00 21.36 0.00 0.00 1.55 0.00 0.00 0.00 0.00 0.00 0.00 0.00 0.00 0.00 0.00
3 2000 1325.80 0.00 0.00 0.00 21.36 0.00 0.00 1.55 0.00 0.00 0.00 0.00 0.00 0.00 0.00 0.00 0.00 0.00
4 2000 1234.95 0.00 0.00 0.00 21.36 0.00 0.00 1.55 0.00 0.00 0.00 0.00 0.00 0.00 0.00 0.00 0.00 0.00
5 2000 1844.40 0.00 0.00 0.00 21.36 0.00 0.00 1.55 0.00 0.00 0.00 0.00 0.00 0.00 0.00 0.00 0.00 0.00
6 2000 1643.77 0.00 0.00 0.00 21.36 0.00 0.00 1.55 0.00 0.00 0.00 0.00 0.00 0.00 0.00 0.00 0.00 0.00
7 2000 1901.18 0.00 0.00 0.00 21.36 0.00 0.00 1.55 0.00 0.00 0.00 0.00 0.00 0.00 0.00 0.00 0.00 0.00
8 2000 1371.22 0.00 0.00 0.00 21.36 0.00 0.00 1.55 0.00 0.00 0.00 0.00 0.00 0.00 0.00 0.00 0.00 0.00
9 2000 8.48 0.00 0.00 0.00 21.36 0.00 0.00 1.55 0.00 0.00 0.00 0.00 0.00 0.00 0.00 0.00 0.00 0.00
10 2000 992.68 0.00 0.00 0.00 21.36 0.00 0.00 1.55 0.00 0.00 0.00 0.00 0.00 0.00 0.00 0.00 0.00 0.00
11 2000 1068.39 0.00 0.00 0.00 21.36 0.00 0.00 1.55 0.00 0.00 0.00 0.00 0.00 0.00 0.00 0.00 0.00 0.00
12 2000 2014.74 0.00 0.00 0.00 74.88 0.00 0.00 5.52 0.00 0.00 0.00 0.00 0.00 0.00 0.00 0.00 0.00 0.00
1 2001 992.68 0.00 0.00 0.00 21.36 0.00 0.00 1.55 0.00 0.00 0.00 0.00 0.00 0.00 0.00 0.00 0.00 0.00
2 2001 992.68 0.00 0.00 0.00 21.36 0.00 0.00 1.55 0.00 0.00 0.00 0.00 0.00 0.00 0.00 0.00 0.00 0.00
3 2001 4558.53 0.00 0.00 0.00 21.36 0.00 0.00 1.55 0.00 0.00 0.00 0.00 0.00 0.00 0.00 0.00 0.00 0.00
4 2001 3093.58 0.00 0.00 0.00 21.36 0.00 0.00 1.55 0.00 0.00 0.00 0.00 0.00 0.00 0.00 0.00 0.00 0.00
5 2001 2662.04 0.00 0.00 0.00 21.36 0.00 0.00 1.55 0.00 0.00 0.00 0.00 0.00 0.00 0.00 0.00 0.00 0.00
6 2001 2934.59 0.00 0.00 0.00 21.36 0.00 0.00 1.55 0.00 0.00 0.00 0.00 0.00 0.00 0.00 0.00 0.00 0.00
7 2001 1412.86 0.00 0.00 0.00 74.88 0.00 0.00 5.52 0.00 0.00 0.00 0.00 0.00 0.00 0.00 0.00 0.00 0.00
8 2001 1019.56 0.00 0.00 0.00 74.88 0.00 0.00 5.52 0.00 0.00 0.00 0.00 0.00 0.00 0.00 0.00 0.00 0.00
9 2001 2393.28 0.00 0.00 0.00 21.36 0.00 0.00 1.55 0.00 0.00 0.00 0.00 0.00 0.00 0.00 0.00 0.00 0.00
10 2001 992.68 0.00 0.00 0.00 21.36 0.00 0.00 1.55 0.00 0.00 0.00 0.00 0.00 0.00 0.00 0.00 0.00 0.00
11 2001 795.84 0.00 0.00 0.00 21.36 0.00 0.00 1.55 0.00 0.00 0.00 0.00 0.00 0.00 0.00 0.00 0.00 0.00
12 2001 788.27 0.00 0.00 0.00 21.36 0.00 0.00 1.55 0.00 0.00 0.00 0.00 0.00 0.00 0.00 0.00 0.00 0.00
1 2002 689.85 0.00 0.00 0.00 21.36 0.00 0.00 1.55 0.00 0.00 0.00 0.00 0.00 0.00 0.00 0.00 0.00 0.00
2 2002 909.40 0.00 0.00 0.00 21.36 0.00 0.00 1.55 0.00 0.00 0.00 0.00 0.00 0.00 0.00 0.00 0.00 0.00
3 2002 935.90 0.00 0.00 0.00 21.36 0.00 0.00 1.55 0.00 0.00 0.00 0.00 0.00 0.00 0.00 0.00 0.00 0.00
4 2002 1806.54 0.00 0.00 0.00 21.36 0.00 0.00 1.55 0.00 0.00 0.00 0.00 0.00 0.00 0.00 0.00 0.00 0.00
5 2002 1984.46 0.00 0.00 0.00 21.36 0.00 0.00 1.55 0.00 0.00 0.00 0.00 0.00 0.00 0.00 0.00 0.00 0.00
6 2002 1314.44 0.00 0.00 0.00 74.88 0.00 0.00 5.52 0.00 0.00 0.00 0.00 0.00 0.00 0.00 0.00 0.00 0.00
7 2002 1291.73 0.00 0.00 0.00 21.36 0.00 0.00 1.55 0.00 0.00 0.00 0.00 0.00 0.00 0.00 0.00 0.00 0.00
8 2002 1568.06 0.00 0.00 0.00 21.36 0.00 0.00 1.55 0.00 0.00 0.00 0.00 0.00 0.00 0.00 0.00 0.00 0.00
9 2002 1568.06 0.00 0.00 0.00 21.36 0.00 0.00 1.55 0.00 0.00 0.00 0.00 0.00 0.00 0.00 0.00 0.00 0.00
10 2002 1522.64 0.00 0.00 0.00 21.36 0.00 0.00 1.55 0.00 0.00 0.00 0.00 0.00 0.00 0.00 0.00 0.00 0.00
11 2002 1231.16 0.00 0.00 0.00 21.36 0.00 0.00 1.55 0.00 0.00 0.00 0.00 0.00 0.00 0.00 0.00 0.00 0.00
12 2002 992.68 0.00 0.00 0.00 21.36 0.00 0.00 1.55 0.00 0.00 0.00 0.00 0.00 0.00 0.00 0.00 0.00 0.00
1 2003 655.78 0.00 0.00 0.00 21.36 0.00 0.00 1.55 0.00 0.00 0.00 0.00 0.00 0.00 0.00 0.00 0.00 0.00
2 2003 1098.67 0.00 0.00 0.00 21.36 0.00 0.00 1.55 0.00 0.00 0.00 0.00 0.00 0.00 0.00 0.00 0.00 0.00
3 2003 1219.81 0.00 0.00 0.00 21.36 0.00 0.00 1.55 0.00 0.00 0.00 0.00 0.00 0.00 0.00 0.00 0.00 0.00
4 2003 4592.60 0.00 0.00 0.00 21.36 0.00 0.00 1.55 0.00 0.00 0.00 0.00 0.00 0.00 0.00 0.00 0.00 0.00
5 2003 3453.19 0.00 0.00 0.00 21.36 0.00 0.00 1.55 0.00 0.00 0.00 0.00 0.00 0.00 0.00 0.00 0.00 0.00
6 2003 1780.05 0.00 0.00 0.00 21.36 0.00 0.00 1.55 0.00 0.00 0.00 0.00 0.00 0.00 0.00 0.00 0.00 0.00
7 2003 1034.32 0.00 0.00 0.00 21.36 0.00 0.00 1.55 0.00 0.00 0.00 0.00 0.00 0.00 0.00 0.00 0.00 0.00
8 2003 648.21 0.00 0.00 0.00 21.36 0.00 0.00 1.55 0.00 0.00 0.00 0.00 0.00 0.00 0.00 0.00 0.00 0.00
9 2003 678.49 0.00 0.00 0.00 21.36 0.00 0.00 1.55 0.00 0.00 0.00 0.00 0.00 0.00 0.00 0.00 0.00 0.00
10 2003 549.79 0.00 0.00 0.00 21.36 0.00 0.00 1.55 0.00 0.00 0.00 0.00 0.00 0.00 0.00 0.00 0.00 0.00
11 2003 2029.88 0.00 0.00 0.00 21.36 0.00 0.00 1.55 0.00 0.00 0.00 0.00 0.00 0.00 0.00 0.00 0.00 0.00
12 2003 807.20 0.00 0.00 0.00 21.36 0.00 0.00 1.55 0.00 0.00 0.00 0.00 0.00 0.00 0.00 0.00 0.00 0.00
1 2004 1049.46 0.00 0.00 0.00 21.36 0.00 0.00 1.55 0.00 0.00 0.00 0.00 0.00 0.00 0.00 0.00 0.00 0.00
2 2004 1602.13 0.00 0.00 0.00 21.36 0.00 0.00 1.55 0.00 0.00 0.00 0.00 0.00 0.00 0.00 0.00 0.00 0.00
3 2004 3294.21 0.00 0.00 0.00 21.36 0.00 0.00 1.55 0.00 0.00 0.00 0.00 0.00 0.00 0.00 0.00 0.00 0.00
4 2004 2828.60 0.00 0.00 0.00 21.36 0.00 0.00 1.55 0.00 0.00 0.00 0.00 0.00 0.00 0.00 0.00 0.00 0.00
5 2004 4861.36 0.00 0.00 0.00 21.36 0.00 0.00 1.55 0.00 0.00 0.00 0.00 0.00 0.00 0.00 0.00 0.00 0.00
6 2004 2559.84 0.00 0.00 0.00 21.36 0.00 0.00 1.55 0.00 0.00 0.00 0.00 0.00 0.00 0.00 0.00 0.00 0.00
7 2004 3279.06 0.00 0.00 0.00 21.36 0.00 0.00 1.55 0.00 0.00 0.00 0.00 0.00 0.00 0.00 0.00 0.00 0.00
8 2004 2847.53 0.00 0.00 0.00 21.36 0.00 0.00 1.55 0.00 0.00 0.00 0.00 0.00 0.00 0.00 0.00 0.00 0.00
9 2004 1007.83 0.00 0.00 0.00 21.36 0.00 0.00 1.55 0.00 0.00 0.00 0.00 0.00 0.00 0.00 0.00 0.00 0.00
10 2004 731.49 0.00 0.00 0.00 21.36 0.00 0.00 1.55 0.00 0.00 0.00 0.00 0.00 0.00 0.00 0.00 0.00 0.00
11 2004 1613.49 0.00 0.00 0.00 21.36 0.00 0.00 1.55 0.00 0.00 0.00 0.00 0.00 0.00 0.00 0.00 0.00 0.00
12 2004 871.55 0.00 0.00 0.00 21.36 0.00 0.00 1.55 0.00 0.00 0.00 0.00 0.00 0.00 0.00 0.00 0.00 0.00
1 2005 682.28 0.00 0.00 0.00 21.36 0.00 0.00 1.55 0.00 0.00 0.00 0.00 0.00 0.00 0.00 0.00 0.00 0.00
2 2005 2086.66 0.00 0.00 0.00 21.36 0.00 0.00 1.55 0.00 0.00 0.00 0.00 0.00 0.00 0.00 0.00 0.00 0.00
3 2005 1352.30 0.00 0.00 0.00 21.36 0.00 0.00 1.55 0.00 0.00 0.00 0.00 0.00 0.00 0.00 0.00 0.00 0.00
4 2005 2839.96 0.00 0.00 0.00 21.36 0.00 0.00 1.55 0.00 0.00 0.00 0.00 0.00 0.00 0.00 0.00 0.00 0.00
5 2005 3475.91 0.00 0.00 0.00 21.36 0.00 0.00 1.55 0.00 0.00 0.00 0.00 0.00 0.00 0.00 0.00 0.00 0.00
6 2005 1484.79 0.00 0.00 0.00 21.36 0.00 0.00 1.55 0.00 0.00 0.00 0.00 0.00 0.00 0.00 0.00 0.00 0.00
7 2005 1181.95 0.00 0.00 0.00 21.36 0.00 0.00 1.55 0.00 0.00 0.00 0.00 0.00 0.00 0.00 0.00 0.00 0.00
8 2005 848.84 0.00 0.00 0.00 21.36 0.00 0.00 1.55 0.00 0.00 0.00 0.00 0.00 0.00 0.00 0.00 0.00 0.00
9 2005 761.77 0.00 0.00 0.00 21.36 0.00 0.00 1.55 0.00 0.00 0.00 0.00 0.00 0.00 0.00 0.00 0.00 0.00
10 2005 523.29 0.00 0.00 0.00 21.36 0.00 0.00 1.55 0.00 0.00 0.00 0.00 0.00 0.00 0.00 0.00 0.00 0.00
11 2005 708.78 0.00 0.00 0.00 21.36 0.00 0.00 1.55 0.00 0.00 0.00 0.00 0.00 0.00 0.00 0.00 0.00 0.00
12 2005 769.34 0.00 0.00 0.00 21.36 0.00 0.00 1.55 0.00 0.00 0.00 0.00 0.00 0.00 0.00 0.00 0.00 0.00
1 2006 716.35 0.00 0.00 0.00 21.36 0.00 0.00 1.55 0.00 0.00 0.00 0.00 0.00 0.00 0.00 0.00 0.00 0.00
2 2006 629.28 0.00 0.00 0.00 21.36 0.00 0.00 1.55 0.00 0.00 0.00 0.00 0.00 0.00 0.00 0.00 0.00 0.00
3 2006 1412.86 0.00 0.00 0.00 21.36 0.00 0.00 1.55 0.00 0.00 0.00 0.00 0.00 0.00 0.00 0.00 0.00 0.00
4 2006 1939.03 0.00 0.00 0.00 21.36 0.00 0.00 1.55 0.00 0.00 0.00 0.00 0.00 0.00 0.00 0.00 0.00 0.00
5 2006 3161.72 0.00 0.00 0.00 21.36 0.00 0.00 1.55 0.00 0.00 0.00 0.00 0.00 0.00 0.00 0.00 0.00 0.00
6 2006 1045.68 0.00 0.00 0.00 21.36 0.00 0.00 1.55 0.00 0.00 0.00 0.00 0.00 0.00 0.00 0.00 0.00 0.00
7 2006 1840.61 0.00 0.00 0.00 21.36 0.00 0.00 1.55 0.00 0.00 0.00 0.00 0.00 0.00 0.00 0.00 0.00 0.00
8 2006 2620.41 0.00 0.00 0.00 21.36 0.00 0.00 1.55 0.00 0.00 0.00 0.00 0.00 0.00 0.00 0.00 0.00 0.00
9 2006 2010.96 0.00 0.00 0.00 21.36 0.00 0.00 1.55 0.00 0.00 0.00 0.00 0.00 0.00 0.00 0.00 0.00 0.00
10 2006 8.48 0.00 0.00 0.00 0.39 0.00 0.00 0.00 0.00 0.00 0.00 0.00 0.00 0.00 0.00 0.00 0.00 0.00
11 2006 8.48 0.00 0.00 0.00 0.39 0.00 0.00 0.00 0.00 0.00 0.00 0.00 0.00 0.00 0.00 0.00 0.00 0.00
12 2006 8.48 0.00 0.00 0.00 0.39 0.00 0.00 0.00 0.00 0.00 0.00 0.00 0.00 0.00 0.00 0.00 0.00 0.00
