Written by i_SWAT





1 1983 1874.75 0.00 0.00 0.00 60.94 0.00 0.00 4.46 0.00 0.00 0.00 0.00 0.00 0.00 0.00 0.00 0.00 0.00
2 1983 2311.72 0.00 0.00 0.00 60.94 0.00 0.00 4.46 0.00 0.00 0.00 0.00 0.00 0.00 0.00 0.00 0.00 0.00
3 1983 3149.97 0.00 0.00 0.00 60.94 0.00 0.00 4.46 0.00 0.00 0.00 0.00 0.00 0.00 0.00 0.00 0.00 0.00
4 1983 2907.71 0.00 0.00 0.00 60.94 0.00 0.00 4.46 0.00 0.00 0.00 0.00 0.00 0.00 0.00 0.00 0.00 0.00
5 1983 5335.41 0.00 0.00 0.00 60.94 0.00 0.00 4.46 0.00 0.00 0.00 0.00 0.00 0.00 0.00 0.00 0.00 0.00
6 1983 4403.51 0.00 0.00 0.00 64.94 0.00 0.00 4.76 0.00 0.00 0.00 0.00 0.00 0.00 0.00 0.00 0.00 0.00
7 1983 3525.99 0.00 0.00 0.00 60.94 0.00 0.00 4.46 0.00 0.00 0.00 0.00 0.00 0.00 0.00 0.00 0.00 0.00
8 1983 2595.20 0.00 0.00 0.00 60.94 0.00 0.00 4.46 0.00 0.00 0.00 0.00 0.00 0.00 0.00 0.00 0.00 0.00
9 1983 2049.68 0.00 0.00 0.00 60.94 0.00 0.00 4.46 0.00 0.00 0.00 0.00 0.00 0.00 0.00 0.00 0.00 0.00
10 1983 1800.27 0.00 0.00 0.00 60.94 0.00 0.00 4.46 0.00 0.00 0.00 0.00 0.00 0.00 0.00 0.00 0.00 0.00
11 1983 1988.40 0.00 0.00 0.00 64.94 0.00 0.00 4.76 0.00 0.00 0.00 0.00 0.00 0.00 0.00 0.00 0.00 0.00
12 1983 1899.95 0.00 0.00 0.00 60.94 0.00 0.00 4.46 0.00 0.00 0.00 0.00 0.00 0.00 0.00 0.00 0.00 0.00
1 1984 1874.75 0.00 0.00 0.00 60.94 0.00 0.00 4.46 0.00 0.00 0.00 0.00 0.00 0.00 0.00 0.00 0.00 0.00
2 1984 2311.72 0.00 0.00 0.00 60.94 0.00 0.00 4.46 0.00 0.00 0.00 0.00 0.00 0.00 0.00 0.00 0.00 0.00
3 1984 3149.97 0.00 0.00 0.00 60.94 0.00 0.00 4.46 0.00 0.00 0.00 0.00 0.00 0.00 0.00 0.00 0.00 0.00
4 1984 2907.71 0.00 0.00 0.00 60.94 0.00 0.00 4.46 0.00 0.00 0.00 0.00 0.00 0.00 0.00 0.00 0.00 0.00
5 1984 5335.41 0.00 0.00 0.00 60.94 0.00 0.00 4.46 0.00 0.00 0.00 0.00 0.00 0.00 0.00 0.00 0.00 0.00
6 1984 4403.51 0.00 0.00 0.00 64.94 0.00 0.00 4.76 0.00 0.00 0.00 0.00 0.00 0.00 0.00 0.00 0.00 0.00
7 1984 3525.99 0.00 0.00 0.00 60.94 0.00 0.00 4.46 0.00 0.00 0.00 0.00 0.00 0.00 0.00 0.00 0.00 0.00
8 1984 2595.20 0.00 0.00 0.00 60.94 0.00 0.00 4.46 0.00 0.00 0.00 0.00 0.00 0.00 0.00 0.00 0.00 0.00
9 1984 2049.68 0.00 0.00 0.00 60.94 0.00 0.00 4.46 0.00 0.00 0.00 0.00 0.00 0.00 0.00 0.00 0.00 0.00
10 1984 1800.27 0.00 0.00 0.00 60.94 0.00 0.00 4.46 0.00 0.00 0.00 0.00 0.00 0.00 0.00 0.00 0.00 0.00
11 1984 1988.40 0.00 0.00 0.00 64.94 0.00 0.00 4.76 0.00 0.00 0.00 0.00 0.00 0.00 0.00 0.00 0.00 0.00
12 1984 1899.95 0.00 0.00 0.00 60.94 0.00 0.00 4.46 0.00 0.00 0.00 0.00 0.00 0.00 0.00 0.00 0.00 0.00
1 1985 1874.75 0.00 0.00 0.00 60.94 0.00 0.00 4.46 0.00 0.00 0.00 0.00 0.00 0.00 0.00 0.00 0.00 0.00
2 1985 2311.72 0.00 0.00 0.00 60.94 0.00 0.00 4.46 0.00 0.00 0.00 0.00 0.00 0.00 0.00 0.00 0.00 0.00
3 1985 3149.97 0.00 0.00 0.00 60.94 0.00 0.00 4.46 0.00 0.00 0.00 0.00 0.00 0.00 0.00 0.00 0.00 0.00
4 1985 2907.71 0.00 0.00 0.00 60.94 0.00 0.00 4.46 0.00 0.00 0.00 0.00 0.00 0.00 0.00 0.00 0.00 0.00
5 1985 5335.41 0.00 0.00 0.00 60.94 0.00 0.00 4.46 0.00 0.00 0.00 0.00 0.00 0.00 0.00 0.00 0.00 0.00
6 1985 4403.51 0.00 0.00 0.00 64.94 0.00 0.00 4.76 0.00 0.00 0.00 0.00 0.00 0.00 0.00 0.00 0.00 0.00
7 1985 3525.99 0.00 0.00 0.00 60.94 0.00 0.00 4.46 0.00 0.00 0.00 0.00 0.00 0.00 0.00 0.00 0.00 0.00
8 1985 2595.20 0.00 0.00 0.00 60.94 0.00 0.00 4.46 0.00 0.00 0.00 0.00 0.00 0.00 0.00 0.00 0.00 0.00
9 1985 2049.68 0.00 0.00 0.00 60.94 0.00 0.00 4.46 0.00 0.00 0.00 0.00 0.00 0.00 0.00 0.00 0.00 0.00
10 1985 1800.27 0.00 0.00 0.00 60.94 0.00 0.00 4.46 0.00 0.00 0.00 0.00 0.00 0.00 0.00 0.00 0.00 0.00
11 1985 1988.40 0.00 0.00 0.00 64.94 0.00 0.00 4.76 0.00 0.00 0.00 0.00 0.00 0.00 0.00 0.00 0.00 0.00
12 1985 1899.95 0.00 0.00 0.00 60.94 0.00 0.00 4.46 0.00 0.00 0.00 0.00 0.00 0.00 0.00 0.00 0.00 0.00
1 1986 1874.75 0.00 0.00 0.00 60.94 0.00 0.00 4.46 0.00 0.00 0.00 0.00 0.00 0.00 0.00 0.00 0.00 0.00
2 1986 2311.72 0.00 0.00 0.00 60.94 0.00 0.00 4.46 0.00 0.00 0.00 0.00 0.00 0.00 0.00 0.00 0.00 0.00
3 1986 3149.97 0.00 0.00 0.00 60.94 0.00 0.00 4.46 0.00 0.00 0.00 0.00 0.00 0.00 0.00 0.00 0.00 0.00
4 1986 2907.71 0.00 0.00 0.00 60.94 0.00 0.00 4.46 0.00 0.00 0.00 0.00 0.00 0.00 0.00 0.00 0.00 0.00
5 1986 5335.41 0.00 0.00 0.00 60.94 0.00 0.00 4.46 0.00 0.00 0.00 0.00 0.00 0.00 0.00 0.00 0.00 0.00
6 1986 4403.51 0.00 0.00 0.00 64.94 0.00 0.00 4.76 0.00 0.00 0.00 0.00 0.00 0.00 0.00 0.00 0.00 0.00
7 1986 3525.99 0.00 0.00 0.00 60.94 0.00 0.00 4.46 0.00 0.00 0.00 0.00 0.00 0.00 0.00 0.00 0.00 0.00
8 1986 2595.20 0.00 0.00 0.00 60.94 0.00 0.00 4.46 0.00 0.00 0.00 0.00 0.00 0.00 0.00 0.00 0.00 0.00
9 1986 2049.68 0.00 0.00 0.00 60.94 0.00 0.00 4.46 0.00 0.00 0.00 0.00 0.00 0.00 0.00 0.00 0.00 0.00
10 1986 1800.27 0.00 0.00 0.00 60.94 0.00 0.00 4.46 0.00 0.00 0.00 0.00 0.00 0.00 0.00 0.00 0.00 0.00
11 1986 1988.40 0.00 0.00 0.00 64.94 0.00 0.00 4.76 0.00 0.00 0.00 0.00 0.00 0.00 0.00 0.00 0.00 0.00
12 1986 1899.95 0.00 0.00 0.00 60.94 0.00 0.00 4.46 0.00 0.00 0.00 0.00 0.00 0.00 0.00 0.00 0.00 0.00
1 1987 1874.75 0.00 0.00 0.00 60.94 0.00 0.00 4.46 0.00 0.00 0.00 0.00 0.00 0.00 0.00 0.00 0.00 0.00
2 1987 2311.72 0.00 0.00 0.00 60.94 0.00 0.00 4.46 0.00 0.00 0.00 0.00 0.00 0.00 0.00 0.00 0.00 0.00
3 1987 3149.97 0.00 0.00 0.00 60.94 0.00 0.00 4.46 0.00 0.00 0.00 0.00 0.00 0.00 0.00 0.00 0.00 0.00
4 1987 2907.71 0.00 0.00 0.00 60.94 0.00 0.00 4.46 0.00 0.00 0.00 0.00 0.00 0.00 0.00 0.00 0.00 0.00
5 1987 5335.41 0.00 0.00 0.00 60.94 0.00 0.00 4.46 0.00 0.00 0.00 0.00 0.00 0.00 0.00 0.00 0.00 0.00
6 1987 4403.51 0.00 0.00 0.00 64.94 0.00 0.00 4.76 0.00 0.00 0.00 0.00 0.00 0.00 0.00 0.00 0.00 0.00
7 1987 3525.99 0.00 0.00 0.00 60.94 0.00 0.00 4.46 0.00 0.00 0.00 0.00 0.00 0.00 0.00 0.00 0.00 0.00
8 1987 2595.20 0.00 0.00 0.00 60.94 0.00 0.00 4.46 0.00 0.00 0.00 0.00 0.00 0.00 0.00 0.00 0.00 0.00
9 1987 2049.68 0.00 0.00 0.00 60.94 0.00 0.00 4.46 0.00 0.00 0.00 0.00 0.00 0.00 0.00 0.00 0.00 0.00
10 1987 1800.27 0.00 0.00 0.00 60.94 0.00 0.00 4.46 0.00 0.00 0.00 0.00 0.00 0.00 0.00 0.00 0.00 0.00
11 1987 1988.40 0.00 0.00 0.00 64.94 0.00 0.00 4.76 0.00 0.00 0.00 0.00 0.00 0.00 0.00 0.00 0.00 0.00
12 1987 1899.95 0.00 0.00 0.00 60.94 0.00 0.00 4.46 0.00 0.00 0.00 0.00 0.00 0.00 0.00 0.00 0.00 0.00
1 1988 1874.75 0.00 0.00 0.00 60.94 0.00 0.00 4.46 0.00 0.00 0.00 0.00 0.00 0.00 0.00 0.00 0.00 0.00
2 1988 2311.72 0.00 0.00 0.00 60.94 0.00 0.00 4.46 0.00 0.00 0.00 0.00 0.00 0.00 0.00 0.00 0.00 0.00
3 1988 3149.97 0.00 0.00 0.00 60.94 0.00 0.00 4.46 0.00 0.00 0.00 0.00 0.00 0.00 0.00 0.00 0.00 0.00
4 1988 2907.71 0.00 0.00 0.00 60.94 0.00 0.00 4.46 0.00 0.00 0.00 0.00 0.00 0.00 0.00 0.00 0.00 0.00
5 1988 5335.41 0.00 0.00 0.00 60.94 0.00 0.00 4.46 0.00 0.00 0.00 0.00 0.00 0.00 0.00 0.00 0.00 0.00
6 1988 4403.51 0.00 0.00 0.00 64.94 0.00 0.00 4.76 0.00 0.00 0.00 0.00 0.00 0.00 0.00 0.00 0.00 0.00
7 1988 3525.99 0.00 0.00 0.00 60.94 0.00 0.00 4.46 0.00 0.00 0.00 0.00 0.00 0.00 0.00 0.00 0.00 0.00
8 1988 2595.20 0.00 0.00 0.00 60.94 0.00 0.00 4.46 0.00 0.00 0.00 0.00 0.00 0.00 0.00 0.00 0.00 0.00
9 1988 2049.68 0.00 0.00 0.00 60.94 0.00 0.00 4.46 0.00 0.00 0.00 0.00 0.00 0.00 0.00 0.00 0.00 0.00
10 1988 1800.27 0.00 0.00 0.00 60.94 0.00 0.00 4.46 0.00 0.00 0.00 0.00 0.00 0.00 0.00 0.00 0.00 0.00
11 1988 1988.40 0.00 0.00 0.00 64.94 0.00 0.00 4.76 0.00 0.00 0.00 0.00 0.00 0.00 0.00 0.00 0.00 0.00
12 1988 1899.95 0.00 0.00 0.00 60.94 0.00 0.00 4.46 0.00 0.00 0.00 0.00 0.00 0.00 0.00 0.00 0.00 0.00
1 1989 1874.75 0.00 0.00 0.00 60.94 0.00 0.00 4.46 0.00 0.00 0.00 0.00 0.00 0.00 0.00 0.00 0.00 0.00
2 1989 2311.72 0.00 0.00 0.00 60.94 0.00 0.00 4.46 0.00 0.00 0.00 0.00 0.00 0.00 0.00 0.00 0.00 0.00
3 1989 3149.97 0.00 0.00 0.00 60.94 0.00 0.00 4.46 0.00 0.00 0.00 0.00 0.00 0.00 0.00 0.00 0.00 0.00
4 1989 2907.71 0.00 0.00 0.00 60.94 0.00 0.00 4.46 0.00 0.00 0.00 0.00 0.00 0.00 0.00 0.00 0.00 0.00
5 1989 5335.41 0.00 0.00 0.00 60.94 0.00 0.00 4.46 0.00 0.00 0.00 0.00 0.00 0.00 0.00 0.00 0.00 0.00
6 1989 4403.51 0.00 0.00 0.00 64.94 0.00 0.00 4.76 0.00 0.00 0.00 0.00 0.00 0.00 0.00 0.00 0.00 0.00
7 1989 3525.99 0.00 0.00 0.00 60.94 0.00 0.00 4.46 0.00 0.00 0.00 0.00 0.00 0.00 0.00 0.00 0.00 0.00
8 1989 2595.20 0.00 0.00 0.00 60.94 0.00 0.00 4.46 0.00 0.00 0.00 0.00 0.00 0.00 0.00 0.00 0.00 0.00
9 1989 2049.68 0.00 0.00 0.00 60.94 0.00 0.00 4.46 0.00 0.00 0.00 0.00 0.00 0.00 0.00 0.00 0.00 0.00
10 1989 1800.27 0.00 0.00 0.00 60.94 0.00 0.00 4.46 0.00 0.00 0.00 0.00 0.00 0.00 0.00 0.00 0.00 0.00
11 1989 1988.40 0.00 0.00 0.00 64.94 0.00 0.00 4.76 0.00 0.00 0.00 0.00 0.00 0.00 0.00 0.00 0.00 0.00
12 1989 1899.95 0.00 0.00 0.00 60.94 0.00 0.00 4.46 0.00 0.00 0.00 0.00 0.00 0.00 0.00 0.00 0.00 0.00
1 1990 1874.75 0.00 0.00 0.00 60.94 0.00 0.00 4.46 0.00 0.00 0.00 0.00 0.00 0.00 0.00 0.00 0.00 0.00
2 1990 2311.72 0.00 0.00 0.00 60.94 0.00 0.00 4.46 0.00 0.00 0.00 0.00 0.00 0.00 0.00 0.00 0.00 0.00
3 1990 3149.97 0.00 0.00 0.00 60.94 0.00 0.00 4.46 0.00 0.00 0.00 0.00 0.00 0.00 0.00 0.00 0.00 0.00
4 1990 2907.71 0.00 0.00 0.00 60.94 0.00 0.00 4.46 0.00 0.00 0.00 0.00 0.00 0.00 0.00 0.00 0.00 0.00
5 1990 5335.41 0.00 0.00 0.00 60.94 0.00 0.00 4.46 0.00 0.00 0.00 0.00 0.00 0.00 0.00 0.00 0.00 0.00
6 1990 4403.51 0.00 0.00 0.00 64.94 0.00 0.00 4.76 0.00 0.00 0.00 0.00 0.00 0.00 0.00 0.00 0.00 0.00
7 1990 3525.99 0.00 0.00 0.00 60.94 0.00 0.00 4.46 0.00 0.00 0.00 0.00 0.00 0.00 0.00 0.00 0.00 0.00
8 1990 2595.20 0.00 0.00 0.00 60.94 0.00 0.00 4.46 0.00 0.00 0.00 0.00 0.00 0.00 0.00 0.00 0.00 0.00
9 1990 2049.68 0.00 0.00 0.00 60.94 0.00 0.00 4.46 0.00 0.00 0.00 0.00 0.00 0.00 0.00 0.00 0.00 0.00
10 1990 1800.27 0.00 0.00 0.00 60.94 0.00 0.00 4.46 0.00 0.00 0.00 0.00 0.00 0.00 0.00 0.00 0.00 0.00
11 1990 1988.40 0.00 0.00 0.00 64.94 0.00 0.00 4.76 0.00 0.00 0.00 0.00 0.00 0.00 0.00 0.00 0.00 0.00
12 1990 1899.95 0.00 0.00 0.00 60.94 0.00 0.00 4.46 0.00 0.00 0.00 0.00 0.00 0.00 0.00 0.00 0.00 0.00
1 1991 1874.75 0.00 0.00 0.00 60.94 0.00 0.00 4.46 0.00 0.00 0.00 0.00 0.00 0.00 0.00 0.00 0.00 0.00
2 1991 2311.72 0.00 0.00 0.00 60.94 0.00 0.00 4.46 0.00 0.00 0.00 0.00 0.00 0.00 0.00 0.00 0.00 0.00
3 1991 3149.97 0.00 0.00 0.00 60.94 0.00 0.00 4.46 0.00 0.00 0.00 0.00 0.00 0.00 0.00 0.00 0.00 0.00
4 1991 2907.71 0.00 0.00 0.00 60.94 0.00 0.00 4.46 0.00 0.00 0.00 0.00 0.00 0.00 0.00 0.00 0.00 0.00
5 1991 5335.41 0.00 0.00 0.00 60.94 0.00 0.00 4.46 0.00 0.00 0.00 0.00 0.00 0.00 0.00 0.00 0.00 0.00
6 1991 4403.51 0.00 0.00 0.00 64.94 0.00 0.00 4.76 0.00 0.00 0.00 0.00 0.00 0.00 0.00 0.00 0.00 0.00
7 1991 3525.99 0.00 0.00 0.00 60.94 0.00 0.00 4.46 0.00 0.00 0.00 0.00 0.00 0.00 0.00 0.00 0.00 0.00
8 1991 2595.20 0.00 0.00 0.00 60.94 0.00 0.00 4.46 0.00 0.00 0.00 0.00 0.00 0.00 0.00 0.00 0.00 0.00
9 1991 2049.68 0.00 0.00 0.00 60.94 0.00 0.00 4.46 0.00 0.00 0.00 0.00 0.00 0.00 0.00 0.00 0.00 0.00
10 1991 1800.27 0.00 0.00 0.00 60.94 0.00 0.00 4.46 0.00 0.00 0.00 0.00 0.00 0.00 0.00 0.00 0.00 0.00
11 1991 1988.40 0.00 0.00 0.00 64.94 0.00 0.00 4.76 0.00 0.00 0.00 0.00 0.00 0.00 0.00 0.00 0.00 0.00
12 1991 1899.95 0.00 0.00 0.00 60.94 0.00 0.00 4.46 0.00 0.00 0.00 0.00 0.00 0.00 0.00 0.00 0.00 0.00
1 1992 1874.75 0.00 0.00 0.00 60.94 0.00 0.00 4.46 0.00 0.00 0.00 0.00 0.00 0.00 0.00 0.00 0.00 0.00
2 1992 2311.72 0.00 0.00 0.00 60.94 0.00 0.00 4.46 0.00 0.00 0.00 0.00 0.00 0.00 0.00 0.00 0.00 0.00
3 1992 3149.97 0.00 0.00 0.00 60.94 0.00 0.00 4.46 0.00 0.00 0.00 0.00 0.00 0.00 0.00 0.00 0.00 0.00
4 1992 2907.71 0.00 0.00 0.00 60.94 0.00 0.00 4.46 0.00 0.00 0.00 0.00 0.00 0.00 0.00 0.00 0.00 0.00
5 1992 5335.41 0.00 0.00 0.00 60.94 0.00 0.00 4.46 0.00 0.00 0.00 0.00 0.00 0.00 0.00 0.00 0.00 0.00
6 1992 4403.51 0.00 0.00 0.00 64.94 0.00 0.00 4.76 0.00 0.00 0.00 0.00 0.00 0.00 0.00 0.00 0.00 0.00
7 1992 3525.99 0.00 0.00 0.00 60.94 0.00 0.00 4.46 0.00 0.00 0.00 0.00 0.00 0.00 0.00 0.00 0.00 0.00
8 1992 2595.20 0.00 0.00 0.00 60.94 0.00 0.00 4.46 0.00 0.00 0.00 0.00 0.00 0.00 0.00 0.00 0.00 0.00
9 1992 2049.68 0.00 0.00 0.00 60.94 0.00 0.00 4.46 0.00 0.00 0.00 0.00 0.00 0.00 0.00 0.00 0.00 0.00
10 1992 1800.27 0.00 0.00 0.00 60.94 0.00 0.00 4.46 0.00 0.00 0.00 0.00 0.00 0.00 0.00 0.00 0.00 0.00
11 1992 1988.40 0.00 0.00 0.00 64.94 0.00 0.00 4.76 0.00 0.00 0.00 0.00 0.00 0.00 0.00 0.00 0.00 0.00
12 1992 1899.95 0.00 0.00 0.00 60.94 0.00 0.00 4.46 0.00 0.00 0.00 0.00 0.00 0.00 0.00 0.00 0.00 0.00
1 1993 1874.75 0.00 0.00 0.00 60.94 0.00 0.00 4.46 0.00 0.00 0.00 0.00 0.00 0.00 0.00 0.00 0.00 0.00
2 1993 2311.72 0.00 0.00 0.00 60.94 0.00 0.00 4.46 0.00 0.00 0.00 0.00 0.00 0.00 0.00 0.00 0.00 0.00
3 1993 3149.97 0.00 0.00 0.00 60.94 0.00 0.00 4.46 0.00 0.00 0.00 0.00 0.00 0.00 0.00 0.00 0.00 0.00
4 1993 2907.71 0.00 0.00 0.00 60.94 0.00 0.00 4.46 0.00 0.00 0.00 0.00 0.00 0.00 0.00 0.00 0.00 0.00
5 1993 5335.41 0.00 0.00 0.00 60.94 0.00 0.00 4.46 0.00 0.00 0.00 0.00 0.00 0.00 0.00 0.00 0.00 0.00
6 1993 4403.51 0.00 0.00 0.00 64.94 0.00 0.00 4.76 0.00 0.00 0.00 0.00 0.00 0.00 0.00 0.00 0.00 0.00
7 1993 3525.99 0.00 0.00 0.00 60.94 0.00 0.00 4.46 0.00 0.00 0.00 0.00 0.00 0.00 0.00 0.00 0.00 0.00
8 1993 2595.20 0.00 0.00 0.00 60.94 0.00 0.00 4.46 0.00 0.00 0.00 0.00 0.00 0.00 0.00 0.00 0.00 0.00
9 1993 2049.68 0.00 0.00 0.00 60.94 0.00 0.00 4.46 0.00 0.00 0.00 0.00 0.00 0.00 0.00 0.00 0.00 0.00
10 1993 1800.27 0.00 0.00 0.00 60.94 0.00 0.00 4.46 0.00 0.00 0.00 0.00 0.00 0.00 0.00 0.00 0.00 0.00
11 1993 1988.40 0.00 0.00 0.00 64.94 0.00 0.00 4.76 0.00 0.00 0.00 0.00 0.00 0.00 0.00 0.00 0.00 0.00
12 1993 1899.95 0.00 0.00 0.00 60.94 0.00 0.00 4.46 0.00 0.00 0.00 0.00 0.00 0.00 0.00 0.00 0.00 0.00
1 1994 1874.75 0.00 0.00 0.00 60.94 0.00 0.00 4.46 0.00 0.00 0.00 0.00 0.00 0.00 0.00 0.00 0.00 0.00
2 1994 2311.72 0.00 0.00 0.00 60.94 0.00 0.00 4.46 0.00 0.00 0.00 0.00 0.00 0.00 0.00 0.00 0.00 0.00
3 1994 3149.97 0.00 0.00 0.00 60.94 0.00 0.00 4.46 0.00 0.00 0.00 0.00 0.00 0.00 0.00 0.00 0.00 0.00
4 1994 2907.71 0.00 0.00 0.00 60.94 0.00 0.00 4.46 0.00 0.00 0.00 0.00 0.00 0.00 0.00 0.00 0.00 0.00
5 1994 5335.41 0.00 0.00 0.00 60.94 0.00 0.00 4.46 0.00 0.00 0.00 0.00 0.00 0.00 0.00 0.00 0.00 0.00
6 1994 4403.51 0.00 0.00 0.00 64.94 0.00 0.00 4.76 0.00 0.00 0.00 0.00 0.00 0.00 0.00 0.00 0.00 0.00
7 1994 3525.99 0.00 0.00 0.00 60.94 0.00 0.00 4.46 0.00 0.00 0.00 0.00 0.00 0.00 0.00 0.00 0.00 0.00
8 1994 2595.20 0.00 0.00 0.00 60.94 0.00 0.00 4.46 0.00 0.00 0.00 0.00 0.00 0.00 0.00 0.00 0.00 0.00
9 1994 2049.68 0.00 0.00 0.00 60.94 0.00 0.00 4.46 0.00 0.00 0.00 0.00 0.00 0.00 0.00 0.00 0.00 0.00
10 1994 1800.27 0.00 0.00 0.00 60.94 0.00 0.00 4.46 0.00 0.00 0.00 0.00 0.00 0.00 0.00 0.00 0.00 0.00
11 1994 1988.40 0.00 0.00 0.00 64.94 0.00 0.00 4.76 0.00 0.00 0.00 0.00 0.00 0.00 0.00 0.00 0.00 0.00
12 1994 1899.95 0.00 0.00 0.00 60.94 0.00 0.00 4.46 0.00 0.00 0.00 0.00 0.00 0.00 0.00 0.00 0.00 0.00
1 1995 1874.75 0.00 0.00 0.00 60.94 0.00 0.00 4.46 0.00 0.00 0.00 0.00 0.00 0.00 0.00 0.00 0.00 0.00
2 1995 2311.72 0.00 0.00 0.00 60.94 0.00 0.00 4.46 0.00 0.00 0.00 0.00 0.00 0.00 0.00 0.00 0.00 0.00
3 1995 3149.97 0.00 0.00 0.00 60.94 0.00 0.00 4.46 0.00 0.00 0.00 0.00 0.00 0.00 0.00 0.00 0.00 0.00
4 1995 2907.71 0.00 0.00 0.00 60.94 0.00 0.00 4.46 0.00 0.00 0.00 0.00 0.00 0.00 0.00 0.00 0.00 0.00
5 1995 5335.41 0.00 0.00 0.00 60.94 0.00 0.00 4.46 0.00 0.00 0.00 0.00 0.00 0.00 0.00 0.00 0.00 0.00
6 1995 4403.51 0.00 0.00 0.00 64.94 0.00 0.00 4.76 0.00 0.00 0.00 0.00 0.00 0.00 0.00 0.00 0.00 0.00
7 1995 3525.99 0.00 0.00 0.00 60.94 0.00 0.00 4.46 0.00 0.00 0.00 0.00 0.00 0.00 0.00 0.00 0.00 0.00
8 1995 2595.20 0.00 0.00 0.00 60.94 0.00 0.00 4.46 0.00 0.00 0.00 0.00 0.00 0.00 0.00 0.00 0.00 0.00
9 1995 2049.68 0.00 0.00 0.00 60.94 0.00 0.00 4.46 0.00 0.00 0.00 0.00 0.00 0.00 0.00 0.00 0.00 0.00
10 1995 1800.27 0.00 0.00 0.00 60.94 0.00 0.00 4.46 0.00 0.00 0.00 0.00 0.00 0.00 0.00 0.00 0.00 0.00
11 1995 1988.40 0.00 0.00 0.00 64.94 0.00 0.00 4.76 0.00 0.00 0.00 0.00 0.00 0.00 0.00 0.00 0.00 0.00
12 1995 1899.95 0.00 0.00 0.00 60.94 0.00 0.00 4.46 0.00 0.00 0.00 0.00 0.00 0.00 0.00 0.00 0.00 0.00
1 1996 1874.75 0.00 0.00 0.00 60.94 0.00 0.00 4.46 0.00 0.00 0.00 0.00 0.00 0.00 0.00 0.00 0.00 0.00
2 1996 2311.72 0.00 0.00 0.00 60.94 0.00 0.00 4.46 0.00 0.00 0.00 0.00 0.00 0.00 0.00 0.00 0.00 0.00
3 1996 3149.97 0.00 0.00 0.00 60.94 0.00 0.00 4.46 0.00 0.00 0.00 0.00 0.00 0.00 0.00 0.00 0.00 0.00
4 1996 2907.71 0.00 0.00 0.00 60.94 0.00 0.00 4.46 0.00 0.00 0.00 0.00 0.00 0.00 0.00 0.00 0.00 0.00
5 1996 5335.41 0.00 0.00 0.00 60.94 0.00 0.00 4.46 0.00 0.00 0.00 0.00 0.00 0.00 0.00 0.00 0.00 0.00
6 1996 4403.51 0.00 0.00 0.00 64.94 0.00 0.00 4.76 0.00 0.00 0.00 0.00 0.00 0.00 0.00 0.00 0.00 0.00
7 1996 3525.99 0.00 0.00 0.00 60.94 0.00 0.00 4.46 0.00 0.00 0.00 0.00 0.00 0.00 0.00 0.00 0.00 0.00
8 1996 2595.20 0.00 0.00 0.00 60.94 0.00 0.00 4.46 0.00 0.00 0.00 0.00 0.00 0.00 0.00 0.00 0.00 0.00
9 1996 2049.68 0.00 0.00 0.00 60.94 0.00 0.00 4.46 0.00 0.00 0.00 0.00 0.00 0.00 0.00 0.00 0.00 0.00
10 1996 1800.27 0.00 0.00 0.00 60.94 0.00 0.00 4.46 0.00 0.00 0.00 0.00 0.00 0.00 0.00 0.00 0.00 0.00
11 1996 1988.40 0.00 0.00 0.00 64.94 0.00 0.00 4.76 0.00 0.00 0.00 0.00 0.00 0.00 0.00 0.00 0.00 0.00
12 1996 1899.95 0.00 0.00 0.00 60.94 0.00 0.00 4.46 0.00 0.00 0.00 0.00 0.00 0.00 0.00 0.00 0.00 0.00
1 1997 1874.75 0.00 0.00 0.00 60.94 0.00 0.00 4.46 0.00 0.00 0.00 0.00 0.00 0.00 0.00 0.00 0.00 0.00
2 1997 2311.72 0.00 0.00 0.00 60.94 0.00 0.00 4.46 0.00 0.00 0.00 0.00 0.00 0.00 0.00 0.00 0.00 0.00
3 1997 1946.21 0.00 0.00 0.00 60.94 0.00 0.00 4.46 0.00 0.00 0.00 0.00 0.00 0.00 0.00 0.00 0.00 0.00
4 1997 2567.02 0.00 0.00 0.00 60.94 0.00 0.00 4.46 0.00 0.00 0.00 0.00 0.00 0.00 0.00 0.00 0.00 0.00
5 1997 2461.03 0.00 0.00 0.00 60.94 0.00 0.00 4.46 0.00 0.00 0.00 0.00 0.00 0.00 0.00 0.00 0.00 0.00
6 1997 2313.55 0.00 0.00 0.00 64.94 0.00 0.00 4.76 0.00 0.00 0.00 0.00 0.00 0.00 0.00 0.00 0.00 0.00
7 1997 1484.40 0.00 0.00 0.00 60.94 0.00 0.00 4.46 0.00 0.00 0.00 0.00 0.00 0.00 0.00 0.00 0.00 0.00
8 1997 1457.90 0.00 0.00 0.00 60.94 0.00 0.00 4.46 0.00 0.00 0.00 0.00 0.00 0.00 0.00 0.00 0.00 0.00
9 1997 1348.12 0.00 0.00 0.00 60.94 0.00 0.00 4.46 0.00 0.00 0.00 0.00 0.00 0.00 0.00 0.00 0.00 0.00
10 1997 1787.23 0.00 0.00 0.00 60.94 0.00 0.00 4.46 0.00 0.00 0.00 0.00 0.00 0.00 0.00 0.00 0.00 0.00
11 1997 1702.82 0.00 0.00 0.00 64.94 0.00 0.00 4.76 0.00 0.00 0.00 0.00 0.00 0.00 0.00 0.00 0.00 0.00
12 1997 1601.74 0.00 0.00 0.00 60.94 0.00 0.00 4.46 0.00 0.00 0.00 0.00 0.00 0.00 0.00 0.00 0.00 0.00
1 1998 2093.84 0.00 0.00 0.00 60.94 0.00 0.00 4.46 0.00 0.00 0.00 0.00 0.00 0.00 0.00 0.00 0.00 0.00
2 1998 1991.64 0.00 0.00 0.00 60.94 0.00 0.00 4.46 0.00 0.00 0.00 0.00 0.00 0.00 0.00 0.00 0.00 0.00
3 1998 5655.91 0.00 0.00 0.00 60.94 0.00 0.00 4.46 0.00 0.00 0.00 0.00 0.00 0.00 0.00 0.00 0.00 0.00
4 1998 4028.18 0.00 0.00 0.00 60.94 0.00 0.00 4.46 0.00 0.00 0.00 0.00 0.00 0.00 0.00 0.00 0.00 0.00
5 1998 2143.05 0.00 0.00 0.00 60.94 0.00 0.00 4.46 0.00 0.00 0.00 0.00 0.00 0.00 0.00 0.00 0.00 0.00
6 1998 12106.38 0.00 0.00 0.00 64.94 0.00 0.00 4.76 0.00 0.00 0.00 0.00 0.00 0.00 0.00 0.00 0.00 0.00
7 1998 4747.41 0.00 0.00 0.00 60.94 0.00 0.00 4.46 0.00 0.00 0.00 0.00 0.00 0.00 0.00 0.00 0.00 0.00
8 1998 1942.43 0.00 0.00 0.00 60.94 0.00 0.00 4.46 0.00 0.00 0.00 0.00 0.00 0.00 0.00 0.00 0.00 0.00
9 1998 1984.07 0.00 0.00 0.00 60.94 0.00 0.00 4.46 0.00 0.00 0.00 0.00 0.00 0.00 0.00 0.00 0.00 0.00
10 1998 1965.14 0.00 0.00 0.00 60.94 0.00 0.00 4.46 0.00 0.00 0.00 0.00 0.00 0.00 0.00 0.00 0.00 0.00
11 1998 2206.27 0.00 0.00 0.00 64.94 0.00 0.00 4.76 0.00 0.00 0.00 0.00 0.00 0.00 0.00 0.00 0.00 0.00
12 1998 1772.09 0.00 0.00 0.00 60.94 0.00 0.00 4.46 0.00 0.00 0.00 0.00 0.00 0.00 0.00 0.00 0.00 0.00
1 1999 1238.34 0.00 0.00 0.00 60.94 0.00 0.00 4.46 0.00 0.00 0.00 0.00 0.00 0.00 0.00 0.00 0.00 0.00
2 1999 3717.78 0.00 0.00 0.00 60.94 0.00 0.00 4.46 0.00 0.00 0.00 0.00 0.00 0.00 0.00 0.00 0.00 0.00
3 1999 5652.12 0.00 0.00 0.00 60.94 0.00 0.00 4.46 0.00 0.00 0.00 0.00 0.00 0.00 0.00 0.00 0.00 0.00
4 1999 4671.70 0.00 0.00 0.00 60.94 0.00 0.00 4.46 0.00 0.00 0.00 0.00 0.00 0.00 0.00 0.00 0.00 0.00
5 1999 3426.30 0.00 0.00 0.00 60.94 0.00 0.00 4.46 0.00 0.00 0.00 0.00 0.00 0.00 0.00 0.00 0.00 0.00
6 1999 2907.86 0.00 0.00 0.00 64.94 0.00 0.00 4.76 0.00 0.00 0.00 0.00 0.00 0.00 0.00 0.00 0.00 0.00
7 1999 3422.52 0.00 0.00 0.00 60.94 0.00 0.00 4.46 0.00 0.00 0.00 0.00 0.00 0.00 0.00 0.00 0.00 0.00
8 1999 2116.56 0.00 0.00 0.00 60.94 0.00 0.00 4.46 0.00 0.00 0.00 0.00 0.00 0.00 0.00 0.00 0.00 0.00
9 1999 2680.58 0.00 0.00 0.00 60.94 0.00 0.00 4.46 0.00 0.00 0.00 0.00 0.00 0.00 0.00 0.00 0.00 0.00
10 1999 2090.06 0.00 0.00 0.00 60.94 0.00 0.00 4.46 0.00 0.00 0.00 0.00 0.00 0.00 0.00 0.00 0.00 0.00
11 1999 1513.55 0.00 0.00 0.00 64.94 0.00 0.00 4.76 0.00 0.00 0.00 0.00 0.00 0.00 0.00 0.00 0.00 0.00
12 1999 1454.11 0.00 0.00 0.00 60.94 0.00 0.00 4.46 0.00 0.00 0.00 0.00 0.00 0.00 0.00 0.00 0.00 0.00
1 2000 1567.67 0.00 0.00 0.00 60.94 0.00 0.00 4.46 0.00 0.00 0.00 0.00 0.00 0.00 0.00 0.00 0.00 0.00
2 2000 1491.97 0.00 0.00 0.00 60.94 0.00 0.00 4.46 0.00 0.00 0.00 0.00 0.00 0.00 0.00 0.00 0.00 0.00
3 2000 848.45 0.00 0.00 0.00 60.94 0.00 0.00 4.46 0.00 0.00 0.00 0.00 0.00 0.00 0.00 0.00 0.00 0.00
4 2000 1382.19 0.00 0.00 0.00 60.94 0.00 0.00 4.46 0.00 0.00 0.00 0.00 0.00 0.00 0.00 0.00 0.00 0.00
5 2000 2351.25 0.00 0.00 0.00 60.94 0.00 0.00 4.46 0.00 0.00 0.00 0.00 0.00 0.00 0.00 0.00 0.00 0.00
6 2000 1605.68 0.00 0.00 0.00 64.94 0.00 0.00 4.76 0.00 0.00 0.00 0.00 0.00 0.00 0.00 0.00 0.00 0.00
7 2000 4406.72 0.00 0.00 0.00 60.94 0.00 0.00 4.46 0.00 0.00 0.00 0.00 0.00 0.00 0.00 0.00 0.00 0.00
8 2000 1620.67 0.00 0.00 0.00 60.94 0.00 0.00 4.46 0.00 0.00 0.00 0.00 0.00 0.00 0.00 0.00 0.00 0.00
9 2000 1601.74 0.00 0.00 0.00 60.94 0.00 0.00 4.46 0.00 0.00 0.00 0.00 0.00 0.00 0.00 0.00 0.00 0.00
10 2000 1465.47 0.00 0.00 0.00 60.94 0.00 0.00 4.46 0.00 0.00 0.00 0.00 0.00 0.00 0.00 0.00 0.00 0.00
11 2000 2130.57 0.00 0.00 0.00 64.94 0.00 0.00 4.76 0.00 0.00 0.00 0.00 0.00 0.00 0.00 0.00 0.00 0.00
12 2000 2741.15 0.00 0.00 0.00 60.94 0.00 0.00 4.46 0.00 0.00 0.00 0.00 0.00 0.00 0.00 0.00 0.00 0.00
1 2001 1874.29 0.00 0.00 0.00 60.94 0.00 0.00 4.46 0.00 0.00 0.00 0.00 0.00 0.00 0.00 0.00 0.00 0.00
2 2001 2866.07 0.00 0.00 0.00 60.94 0.00 0.00 4.46 0.00 0.00 0.00 0.00 0.00 0.00 0.00 0.00 0.00 0.00
3 2001 3399.81 0.00 0.00 0.00 60.94 0.00 0.00 4.46 0.00 0.00 0.00 0.00 0.00 0.00 0.00 0.00 0.00 0.00
4 2001 2779.00 0.00 0.00 0.00 60.94 0.00 0.00 4.46 0.00 0.00 0.00 0.00 0.00 0.00 0.00 0.00 0.00 0.00
5 2001 4255.31 0.00 0.00 0.00 60.94 0.00 0.00 4.46 0.00 0.00 0.00 0.00 0.00 0.00 0.00 0.00 0.00 0.00
6 2001 3505.95 0.00 0.00 0.00 64.94 0.00 0.00 4.76 0.00 0.00 0.00 0.00 0.00 0.00 0.00 0.00 0.00 0.00
7 2001 1719.09 0.00 0.00 0.00 60.94 0.00 0.00 4.46 0.00 0.00 0.00 0.00 0.00 0.00 0.00 0.00 0.00 0.00
8 2001 2320.97 0.00 0.00 0.00 60.94 0.00 0.00 4.46 0.00 0.00 0.00 0.00 0.00 0.00 0.00 0.00 0.00 0.00
9 2001 3301.39 0.00 0.00 0.00 60.94 0.00 0.00 4.46 0.00 0.00 0.00 0.00 0.00 0.00 0.00 0.00 0.00 0.00
10 2001 1999.21 0.00 0.00 0.00 60.94 0.00 0.00 4.46 0.00 0.00 0.00 0.00 0.00 0.00 0.00 0.00 0.00 0.00
11 2001 1774.74 0.00 0.00 0.00 64.94 0.00 0.00 4.76 0.00 0.00 0.00 0.00 0.00 0.00 0.00 0.00 0.00 0.00
12 2001 2699.51 0.00 0.00 0.00 60.94 0.00 0.00 4.46 0.00 0.00 0.00 0.00 0.00 0.00 0.00 0.00 0.00 0.00
1 2002 2707.46 0.00 0.00 0.00 60.94 0.00 0.00 4.46 0.00 0.00 0.00 0.00 0.00 0.00 0.00 0.00 0.00 0.00
2 2002 2052.21 0.00 0.00 0.00 60.94 0.00 0.00 4.46 0.00 0.00 0.00 0.00 0.00 0.00 0.00 0.00 0.00 0.00
3 2002 2249.05 0.00 0.00 0.00 60.94 0.00 0.00 4.46 0.00 0.00 0.00 0.00 0.00 0.00 0.00 0.00 0.00 0.00
4 2002 2744.93 0.00 0.00 0.00 60.94 0.00 0.00 4.46 0.00 0.00 0.00 0.00 0.00 0.00 0.00 0.00 0.00 0.00
5 2002 2779.00 0.00 0.00 0.00 60.94 0.00 0.00 4.46 0.00 0.00 0.00 0.00 0.00 0.00 0.00 0.00 0.00 0.00
6 2002 3569.39 0.00 0.00 0.00 64.52 0.00 0.00 4.73 0.00 0.00 0.00 0.00 0.00 0.00 0.00 0.00 0.00 0.00
7 2002 121.65 0.00 0.00 0.00 64.52 0.00 0.00 4.73 0.00 0.00 0.00 0.00 0.00 0.00 0.00 0.00 0.00 0.00
8 2002 2196.05 0.00 0.00 0.00 60.94 0.00 0.00 4.46 0.00 0.00 0.00 0.00 0.00 0.00 0.00 0.00 0.00 0.00
9 2002 1703.95 0.00 0.00 0.00 60.94 0.00 0.00 4.46 0.00 0.00 0.00 0.00 0.00 0.00 0.00 0.00 0.00 0.00
10 2002 2211.19 0.00 0.00 0.00 60.94 0.00 0.00 4.46 0.00 0.00 0.00 0.00 0.00 0.00 0.00 0.00 0.00 0.00
11 2002 4255.31 0.00 0.00 0.00 64.52 0.00 0.00 4.73 0.00 0.00 0.00 0.00 0.00 0.00 0.00 0.00 0.00 0.00
12 2002 1590.39 0.00 0.00 0.00 60.94 0.00 0.00 4.46 0.00 0.00 0.00 0.00 0.00 0.00 0.00 0.00 0.00 0.00
1 2003 1495.75 0.00 0.00 0.00 60.94 0.00 0.00 4.46 0.00 0.00 0.00 0.00 0.00 0.00 0.00 0.00 0.00 0.00
2 2003 1499.54 0.00 0.00 0.00 60.94 0.00 0.00 4.46 0.00 0.00 0.00 0.00 0.00 0.00 0.00 0.00 0.00 0.00
3 2003 1681.24 0.00 0.00 0.00 60.94 0.00 0.00 4.46 0.00 0.00 0.00 0.00 0.00 0.00 0.00 0.00 0.00 0.00
4 2003 15.66 0.00 0.00 0.00 60.94 0.00 0.00 4.46 0.00 0.00 0.00 0.00 0.00 0.00 0.00 0.00 0.00 0.00
5 2003 12121.37 0.00 0.00 0.00 64.52 0.00 0.00 4.73 0.00 0.00 0.00 0.00 0.00 0.00 0.00 0.00 0.00 0.00
6 2003 3104.55 0.00 0.00 0.00 64.52 0.00 0.00 4.73 0.00 0.00 0.00 0.00 0.00 0.00 0.00 0.00 0.00 0.00
7 2003 8812.93 0.00 0.00 0.00 64.52 0.00 0.00 4.73 0.00 0.00 0.00 0.00 0.00 0.00 0.00 0.00 0.00 0.00
8 2003 2180.91 0.00 0.00 0.00 60.94 0.00 0.00 4.46 0.00 0.00 0.00 0.00 0.00 0.00 0.00 0.00 0.00 0.00
9 2003 1878.08 0.00 0.00 0.00 60.94 0.00 0.00 4.46 0.00 0.00 0.00 0.00 0.00 0.00 0.00 0.00 0.00 0.00
10 2003 1382.19 0.00 0.00 0.00 60.94 0.00 0.00 4.46 0.00 0.00 0.00 0.00 0.00 0.00 0.00 0.00 0.00 0.00
11 2003 2714.65 0.00 0.00 0.00 64.52 0.00 0.00 4.73 0.00 0.00 0.00 0.00 0.00 0.00 0.00 0.00 0.00 0.00
12 2003 1650.95 0.00 0.00 0.00 60.94 0.00 0.00 4.46 0.00 0.00 0.00 0.00 0.00 0.00 0.00 0.00 0.00 0.00
1 2004 2351.25 0.00 0.00 0.00 60.94 0.00 0.00 4.46 0.00 0.00 0.00 0.00 0.00 0.00 0.00 0.00 0.00 0.00
2 2004 2396.68 0.00 0.00 0.00 60.94 0.00 0.00 4.46 0.00 0.00 0.00 0.00 0.00 0.00 0.00 0.00 0.00 0.00
3 2004 4724.70 0.00 0.00 0.00 64.52 0.00 0.00 4.73 0.00 0.00 0.00 0.00 0.00 0.00 0.00 0.00 0.00 0.00
4 2004 3115.90 0.00 0.00 0.00 64.52 0.00 0.00 4.73 0.00 0.00 0.00 0.00 0.00 0.00 0.00 0.00 0.00 0.00
5 2004 10099.97 0.00 0.00 0.00 64.52 0.00 0.00 4.73 0.00 0.00 0.00 0.00 0.00 0.00 0.00 0.00 0.00 0.00
6 2004 7601.60 0.00 0.00 0.00 60.94 0.00 0.00 4.46 0.00 0.00 0.00 0.00 0.00 0.00 0.00 0.00 0.00 0.00
7 2004 4380.23 0.00 0.00 0.00 60.94 0.00 0.00 4.46 0.00 0.00 0.00 0.00 0.00 0.00 0.00 0.00 0.00 0.00
8 2004 5947.38 0.00 0.00 0.00 60.94 0.00 0.00 4.46 0.00 0.00 0.00 0.00 0.00 0.00 0.00 0.00 0.00 0.00
9 2004 2192.26 0.00 0.00 0.00 60.94 0.00 0.00 4.46 0.00 0.00 0.00 0.00 0.00 0.00 0.00 0.00 0.00 0.00
10 2004 1749.37 0.00 0.00 0.00 64.52 0.00 0.00 4.73 0.00 0.00 0.00 0.00 0.00 0.00 0.00 0.00 0.00 0.00
11 2004 2158.20 0.00 0.00 0.00 62.30 0.00 0.00 4.56 0.00 0.00 0.00 0.00 0.00 0.00 0.00 0.00 0.00 0.00
12 2004 1779.66 0.00 0.00 0.00 60.94 0.00 0.00 4.46 0.00 0.00 0.00 0.00 0.00 0.00 0.00 0.00 0.00 0.00
1 2005 1719.09 0.00 0.00 0.00 60.94 0.00 0.00 4.46 0.00 0.00 0.00 0.00 0.00 0.00 0.00 0.00 0.00 0.00
2 2005 3138.61 0.00 0.00 0.00 60.94 0.00 0.00 4.46 0.00 0.00 0.00 0.00 0.00 0.00 0.00 0.00 0.00 0.00
3 2005 2078.70 0.00 0.00 0.00 60.94 0.00 0.00 4.46 0.00 0.00 0.00 0.00 0.00 0.00 0.00 0.00 0.00 0.00
4 2005 2987.20 0.00 0.00 0.00 60.94 0.00 0.00 4.46 0.00 0.00 0.00 0.00 0.00 0.00 0.00 0.00 0.00 0.00
5 2005 7014.87 0.00 0.00 0.00 64.52 0.00 0.00 4.73 0.00 0.00 0.00 0.00 0.00 0.00 0.00 0.00 0.00 0.00
6 2005 3195.40 0.00 0.00 0.00 60.94 0.00 0.00 4.46 0.00 0.00 0.00 0.00 0.00 0.00 0.00 0.00 0.00 0.00
7 2005 2707.08 0.00 0.00 0.00 60.94 0.00 0.00 4.46 0.00 0.00 0.00 0.00 0.00 0.00 0.00 0.00 0.00 0.00
8 2005 2688.15 0.00 0.00 0.00 60.94 0.00 0.00 4.46 0.00 0.00 0.00 0.00 0.00 0.00 0.00 0.00 0.00 0.00
9 2005 1756.94 0.00 0.00 0.00 60.94 0.00 0.00 4.46 0.00 0.00 0.00 0.00 0.00 0.00 0.00 0.00 0.00 0.00
10 2005 1643.38 0.00 0.00 0.00 60.94 0.00 0.00 4.46 0.00 0.00 0.00 0.00 0.00 0.00 0.00 0.00 0.00 0.00
11 2005 1772.09 0.00 0.00 0.00 60.94 0.00 0.00 4.46 0.00 0.00 0.00 0.00 0.00 0.00 0.00 0.00 0.00 0.00
12 2005 1897.00 0.00 0.00 0.00 64.52 0.00 0.00 4.73 0.00 0.00 0.00 0.00 0.00 0.00 0.00 0.00 0.00 0.00
1 2006 1825.08 0.00 0.00 0.00 60.94 0.00 0.00 4.46 0.00 0.00 0.00 0.00 0.00 0.00 0.00 0.00 0.00 0.00
2 2006 1650.95 0.00 0.00 0.00 60.94 0.00 0.00 4.46 0.00 0.00 0.00 0.00 0.00 0.00 0.00 0.00 0.00 0.00
3 2006 2150.63 0.00 0.00 0.00 60.94 0.00 0.00 4.46 0.00 0.00 0.00 0.00 0.00 0.00 0.00 0.00 0.00 0.00
4 2006 4535.43 0.00 0.00 0.00 60.94 0.00 0.00 4.46 0.00 0.00 0.00 0.00 0.00 0.00 0.00 0.00 0.00 0.00
5 2006 4058.47 0.00 0.00 0.00 60.94 0.00 0.00 4.46 0.00 0.00 0.00 0.00 0.00 0.00 0.00 0.00 0.00 0.00
6 2006 1878.08 0.00 0.00 0.00 64.52 0.00 0.00 4.73 0.00 0.00 0.00 0.00 0.00 0.00 0.00 0.00 0.00 0.00
7 2006 1613.10 0.00 0.00 0.00 60.94 0.00 0.00 4.46 0.00 0.00 0.00 0.00 0.00 0.00 0.00 0.00 0.00 0.00
8 2006 2343.68 0.00 0.00 0.00 60.94 0.00 0.00 4.46 0.00 0.00 0.00 0.00 0.00 0.00 0.00 0.00 0.00 0.00
9 2006 15.66 0.00 0.00 0.00 0.72 0.00 0.00 0.00 0.00 0.00 0.00 0.00 0.00 0.00 0.00 0.00 0.00 0.00
10 2006 15.66 0.00 0.00 0.00 0.72 0.00 0.00 0.00 0.00 0.00 0.00 0.00 0.00 0.00 0.00 0.00 0.00 0.00
11 2006 15.66 0.00 0.00 0.00 0.72 0.00 0.00 0.00 0.00 0.00 0.00 0.00 0.00 0.00 0.00 0.00 0.00 0.00
12 2006 15.66 0.00 0.00 0.00 0.72 0.00 0.00 0.00 0.00 0.00 0.00 0.00 0.00 0.00 0.00 0.00 0.00 0.00
