Written by i_SWAT





1 1983 2175.84 0.00 0.00 0.00 63.32 0.00 0.00 4.65 0.00 0.00 0.00 0.00 0.00 0.00 0.00 0.00 0.00 0.00
2 1983 3401.72 0.00 0.00 0.00 63.32 0.00 0.00 4.65 0.00 0.00 0.00 0.00 0.00 0.00 0.00 0.00 0.00 0.00
3 1983 3710.41 0.00 0.00 0.00 63.32 0.00 0.00 4.65 0.00 0.00 0.00 0.00 0.00 0.00 0.00 0.00 0.00 0.00
4 1983 5623.75 0.00 0.00 0.00 91.44 0.00 0.00 6.73 0.00 0.00 0.00 0.00 0.00 0.00 0.00 0.00 0.00 0.00
5 1983 7247.00 0.00 0.00 0.00 63.32 0.00 0.00 4.65 0.00 0.00 0.00 0.00 0.00 0.00 0.00 0.00 0.00 0.00
6 1983 3741.03 0.00 0.00 0.00 63.32 0.00 0.00 4.65 0.00 0.00 0.00 0.00 0.00 0.00 0.00 0.00 0.00 0.00
7 1983 3770.28 0.00 0.00 0.00 91.44 0.00 0.00 6.73 0.00 0.00 0.00 0.00 0.00 0.00 0.00 0.00 0.00 0.00
8 1983 3797.81 0.00 0.00 0.00 63.32 0.00 0.00 4.65 0.00 0.00 0.00 0.00 0.00 0.00 0.00 0.00 0.00 0.00
9 1983 2475.68 0.00 0.00 0.00 63.32 0.00 0.00 4.65 0.00 0.00 0.00 0.00 0.00 0.00 0.00 0.00 0.00 0.00
10 1983 2432.32 0.00 0.00 0.00 91.44 0.00 0.00 6.73 0.00 0.00 0.00 0.00 0.00 0.00 0.00 0.00 0.00 0.00
11 1983 2710.72 0.00 0.00 0.00 63.32 0.00 0.00 4.65 0.00 0.00 0.00 0.00 0.00 0.00 0.00 0.00 0.00 0.00
12 1983 2710.72 0.00 0.00 0.00 63.32 0.00 0.00 4.65 0.00 0.00 0.00 0.00 0.00 0.00 0.00 0.00 0.00 0.00
1 1984 2175.84 0.00 0.00 0.00 63.32 0.00 0.00 4.65 0.00 0.00 0.00 0.00 0.00 0.00 0.00 0.00 0.00 0.00
2 1984 3401.72 0.00 0.00 0.00 63.32 0.00 0.00 4.65 0.00 0.00 0.00 0.00 0.00 0.00 0.00 0.00 0.00 0.00
3 1984 3710.41 0.00 0.00 0.00 63.32 0.00 0.00 4.65 0.00 0.00 0.00 0.00 0.00 0.00 0.00 0.00 0.00 0.00
4 1984 5623.75 0.00 0.00 0.00 91.44 0.00 0.00 6.73 0.00 0.00 0.00 0.00 0.00 0.00 0.00 0.00 0.00 0.00
5 1984 7247.00 0.00 0.00 0.00 63.32 0.00 0.00 4.65 0.00 0.00 0.00 0.00 0.00 0.00 0.00 0.00 0.00 0.00
6 1984 3741.03 0.00 0.00 0.00 63.32 0.00 0.00 4.65 0.00 0.00 0.00 0.00 0.00 0.00 0.00 0.00 0.00 0.00
7 1984 3770.28 0.00 0.00 0.00 91.44 0.00 0.00 6.73 0.00 0.00 0.00 0.00 0.00 0.00 0.00 0.00 0.00 0.00
8 1984 3797.81 0.00 0.00 0.00 63.32 0.00 0.00 4.65 0.00 0.00 0.00 0.00 0.00 0.00 0.00 0.00 0.00 0.00
9 1984 2475.68 0.00 0.00 0.00 63.32 0.00 0.00 4.65 0.00 0.00 0.00 0.00 0.00 0.00 0.00 0.00 0.00 0.00
10 1984 2432.32 0.00 0.00 0.00 91.44 0.00 0.00 6.73 0.00 0.00 0.00 0.00 0.00 0.00 0.00 0.00 0.00 0.00
11 1984 2710.72 0.00 0.00 0.00 63.32 0.00 0.00 4.65 0.00 0.00 0.00 0.00 0.00 0.00 0.00 0.00 0.00 0.00
12 1984 2710.72 0.00 0.00 0.00 63.32 0.00 0.00 4.65 0.00 0.00 0.00 0.00 0.00 0.00 0.00 0.00 0.00 0.00
1 1985 2175.84 0.00 0.00 0.00 63.32 0.00 0.00 4.65 0.00 0.00 0.00 0.00 0.00 0.00 0.00 0.00 0.00 0.00
2 1985 3401.72 0.00 0.00 0.00 63.32 0.00 0.00 4.65 0.00 0.00 0.00 0.00 0.00 0.00 0.00 0.00 0.00 0.00
3 1985 3710.41 0.00 0.00 0.00 63.32 0.00 0.00 4.65 0.00 0.00 0.00 0.00 0.00 0.00 0.00 0.00 0.00 0.00
4 1985 5623.75 0.00 0.00 0.00 91.44 0.00 0.00 6.73 0.00 0.00 0.00 0.00 0.00 0.00 0.00 0.00 0.00 0.00
5 1985 7247.00 0.00 0.00 0.00 63.32 0.00 0.00 4.65 0.00 0.00 0.00 0.00 0.00 0.00 0.00 0.00 0.00 0.00
6 1985 3741.03 0.00 0.00 0.00 63.32 0.00 0.00 4.65 0.00 0.00 0.00 0.00 0.00 0.00 0.00 0.00 0.00 0.00
7 1985 3770.28 0.00 0.00 0.00 91.44 0.00 0.00 6.73 0.00 0.00 0.00 0.00 0.00 0.00 0.00 0.00 0.00 0.00
8 1985 3797.81 0.00 0.00 0.00 63.32 0.00 0.00 4.65 0.00 0.00 0.00 0.00 0.00 0.00 0.00 0.00 0.00 0.00
9 1985 2475.68 0.00 0.00 0.00 63.32 0.00 0.00 4.65 0.00 0.00 0.00 0.00 0.00 0.00 0.00 0.00 0.00 0.00
10 1985 2432.32 0.00 0.00 0.00 91.44 0.00 0.00 6.73 0.00 0.00 0.00 0.00 0.00 0.00 0.00 0.00 0.00 0.00
11 1985 2710.72 0.00 0.00 0.00 63.32 0.00 0.00 4.65 0.00 0.00 0.00 0.00 0.00 0.00 0.00 0.00 0.00 0.00
12 1985 2710.72 0.00 0.00 0.00 63.32 0.00 0.00 4.65 0.00 0.00 0.00 0.00 0.00 0.00 0.00 0.00 0.00 0.00
1 1986 2175.84 0.00 0.00 0.00 63.32 0.00 0.00 4.65 0.00 0.00 0.00 0.00 0.00 0.00 0.00 0.00 0.00 0.00
2 1986 3401.72 0.00 0.00 0.00 63.32 0.00 0.00 4.65 0.00 0.00 0.00 0.00 0.00 0.00 0.00 0.00 0.00 0.00
3 1986 3710.41 0.00 0.00 0.00 63.32 0.00 0.00 4.65 0.00 0.00 0.00 0.00 0.00 0.00 0.00 0.00 0.00 0.00
4 1986 5623.75 0.00 0.00 0.00 91.44 0.00 0.00 6.73 0.00 0.00 0.00 0.00 0.00 0.00 0.00 0.00 0.00 0.00
5 1986 7247.00 0.00 0.00 0.00 63.32 0.00 0.00 4.65 0.00 0.00 0.00 0.00 0.00 0.00 0.00 0.00 0.00 0.00
6 1986 3741.03 0.00 0.00 0.00 63.32 0.00 0.00 4.65 0.00 0.00 0.00 0.00 0.00 0.00 0.00 0.00 0.00 0.00
7 1986 3770.28 0.00 0.00 0.00 91.44 0.00 0.00 6.73 0.00 0.00 0.00 0.00 0.00 0.00 0.00 0.00 0.00 0.00
8 1986 3797.81 0.00 0.00 0.00 63.32 0.00 0.00 4.65 0.00 0.00 0.00 0.00 0.00 0.00 0.00 0.00 0.00 0.00
9 1986 2475.68 0.00 0.00 0.00 63.32 0.00 0.00 4.65 0.00 0.00 0.00 0.00 0.00 0.00 0.00 0.00 0.00 0.00
10 1986 2432.32 0.00 0.00 0.00 91.44 0.00 0.00 6.73 0.00 0.00 0.00 0.00 0.00 0.00 0.00 0.00 0.00 0.00
11 1986 2710.72 0.00 0.00 0.00 63.32 0.00 0.00 4.65 0.00 0.00 0.00 0.00 0.00 0.00 0.00 0.00 0.00 0.00
12 1986 2710.72 0.00 0.00 0.00 63.32 0.00 0.00 4.65 0.00 0.00 0.00 0.00 0.00 0.00 0.00 0.00 0.00 0.00
1 1987 2175.84 0.00 0.00 0.00 63.32 0.00 0.00 4.65 0.00 0.00 0.00 0.00 0.00 0.00 0.00 0.00 0.00 0.00
2 1987 3401.72 0.00 0.00 0.00 63.32 0.00 0.00 4.65 0.00 0.00 0.00 0.00 0.00 0.00 0.00 0.00 0.00 0.00
3 1987 3710.41 0.00 0.00 0.00 63.32 0.00 0.00 4.65 0.00 0.00 0.00 0.00 0.00 0.00 0.00 0.00 0.00 0.00
4 1987 5623.75 0.00 0.00 0.00 91.44 0.00 0.00 6.73 0.00 0.00 0.00 0.00 0.00 0.00 0.00 0.00 0.00 0.00
5 1987 7247.00 0.00 0.00 0.00 63.32 0.00 0.00 4.65 0.00 0.00 0.00 0.00 0.00 0.00 0.00 0.00 0.00 0.00
6 1987 3741.03 0.00 0.00 0.00 63.32 0.00 0.00 4.65 0.00 0.00 0.00 0.00 0.00 0.00 0.00 0.00 0.00 0.00
7 1987 3770.28 0.00 0.00 0.00 91.44 0.00 0.00 6.73 0.00 0.00 0.00 0.00 0.00 0.00 0.00 0.00 0.00 0.00
8 1987 3797.81 0.00 0.00 0.00 63.32 0.00 0.00 4.65 0.00 0.00 0.00 0.00 0.00 0.00 0.00 0.00 0.00 0.00
9 1987 2475.68 0.00 0.00 0.00 63.32 0.00 0.00 4.65 0.00 0.00 0.00 0.00 0.00 0.00 0.00 0.00 0.00 0.00
10 1987 2432.32 0.00 0.00 0.00 91.44 0.00 0.00 6.73 0.00 0.00 0.00 0.00 0.00 0.00 0.00 0.00 0.00 0.00
11 1987 2710.72 0.00 0.00 0.00 63.32 0.00 0.00 4.65 0.00 0.00 0.00 0.00 0.00 0.00 0.00 0.00 0.00 0.00
12 1987 2710.72 0.00 0.00 0.00 63.32 0.00 0.00 4.65 0.00 0.00 0.00 0.00 0.00 0.00 0.00 0.00 0.00 0.00
1 1988 2175.84 0.00 0.00 0.00 63.32 0.00 0.00 4.65 0.00 0.00 0.00 0.00 0.00 0.00 0.00 0.00 0.00 0.00
2 1988 3401.72 0.00 0.00 0.00 63.32 0.00 0.00 4.65 0.00 0.00 0.00 0.00 0.00 0.00 0.00 0.00 0.00 0.00
3 1988 3710.41 0.00 0.00 0.00 63.32 0.00 0.00 4.65 0.00 0.00 0.00 0.00 0.00 0.00 0.00 0.00 0.00 0.00
4 1988 5623.75 0.00 0.00 0.00 91.44 0.00 0.00 6.73 0.00 0.00 0.00 0.00 0.00 0.00 0.00 0.00 0.00 0.00
5 1988 7247.00 0.00 0.00 0.00 63.32 0.00 0.00 4.65 0.00 0.00 0.00 0.00 0.00 0.00 0.00 0.00 0.00 0.00
6 1988 3741.03 0.00 0.00 0.00 63.32 0.00 0.00 4.65 0.00 0.00 0.00 0.00 0.00 0.00 0.00 0.00 0.00 0.00
7 1988 3770.28 0.00 0.00 0.00 91.44 0.00 0.00 6.73 0.00 0.00 0.00 0.00 0.00 0.00 0.00 0.00 0.00 0.00
8 1988 3797.81 0.00 0.00 0.00 63.32 0.00 0.00 4.65 0.00 0.00 0.00 0.00 0.00 0.00 0.00 0.00 0.00 0.00
9 1988 2475.68 0.00 0.00 0.00 63.32 0.00 0.00 4.65 0.00 0.00 0.00 0.00 0.00 0.00 0.00 0.00 0.00 0.00
10 1988 2432.32 0.00 0.00 0.00 91.44 0.00 0.00 6.73 0.00 0.00 0.00 0.00 0.00 0.00 0.00 0.00 0.00 0.00
11 1988 2710.72 0.00 0.00 0.00 63.32 0.00 0.00 4.65 0.00 0.00 0.00 0.00 0.00 0.00 0.00 0.00 0.00 0.00
12 1988 2710.72 0.00 0.00 0.00 63.32 0.00 0.00 4.65 0.00 0.00 0.00 0.00 0.00 0.00 0.00 0.00 0.00 0.00
1 1989 2175.84 0.00 0.00 0.00 63.32 0.00 0.00 4.65 0.00 0.00 0.00 0.00 0.00 0.00 0.00 0.00 0.00 0.00
2 1989 3401.72 0.00 0.00 0.00 63.32 0.00 0.00 4.65 0.00 0.00 0.00 0.00 0.00 0.00 0.00 0.00 0.00 0.00
3 1989 3710.41 0.00 0.00 0.00 63.32 0.00 0.00 4.65 0.00 0.00 0.00 0.00 0.00 0.00 0.00 0.00 0.00 0.00
4 1989 5623.75 0.00 0.00 0.00 91.44 0.00 0.00 6.73 0.00 0.00 0.00 0.00 0.00 0.00 0.00 0.00 0.00 0.00
5 1989 7247.00 0.00 0.00 0.00 63.32 0.00 0.00 4.65 0.00 0.00 0.00 0.00 0.00 0.00 0.00 0.00 0.00 0.00
6 1989 3741.03 0.00 0.00 0.00 63.32 0.00 0.00 4.65 0.00 0.00 0.00 0.00 0.00 0.00 0.00 0.00 0.00 0.00
7 1989 3770.28 0.00 0.00 0.00 91.44 0.00 0.00 6.73 0.00 0.00 0.00 0.00 0.00 0.00 0.00 0.00 0.00 0.00
8 1989 3797.81 0.00 0.00 0.00 63.32 0.00 0.00 4.65 0.00 0.00 0.00 0.00 0.00 0.00 0.00 0.00 0.00 0.00
9 1989 2475.68 0.00 0.00 0.00 63.32 0.00 0.00 4.65 0.00 0.00 0.00 0.00 0.00 0.00 0.00 0.00 0.00 0.00
10 1989 2432.32 0.00 0.00 0.00 91.44 0.00 0.00 6.73 0.00 0.00 0.00 0.00 0.00 0.00 0.00 0.00 0.00 0.00
11 1989 2710.72 0.00 0.00 0.00 63.32 0.00 0.00 4.65 0.00 0.00 0.00 0.00 0.00 0.00 0.00 0.00 0.00 0.00
12 1989 2710.72 0.00 0.00 0.00 63.32 0.00 0.00 4.65 0.00 0.00 0.00 0.00 0.00 0.00 0.00 0.00 0.00 0.00
1 1990 2175.84 0.00 0.00 0.00 63.32 0.00 0.00 4.65 0.00 0.00 0.00 0.00 0.00 0.00 0.00 0.00 0.00 0.00
2 1990 3401.72 0.00 0.00 0.00 63.32 0.00 0.00 4.65 0.00 0.00 0.00 0.00 0.00 0.00 0.00 0.00 0.00 0.00
3 1990 3710.41 0.00 0.00 0.00 63.32 0.00 0.00 4.65 0.00 0.00 0.00 0.00 0.00 0.00 0.00 0.00 0.00 0.00
4 1990 5623.75 0.00 0.00 0.00 91.44 0.00 0.00 6.73 0.00 0.00 0.00 0.00 0.00 0.00 0.00 0.00 0.00 0.00
5 1990 7247.00 0.00 0.00 0.00 63.32 0.00 0.00 4.65 0.00 0.00 0.00 0.00 0.00 0.00 0.00 0.00 0.00 0.00
6 1990 3741.03 0.00 0.00 0.00 63.32 0.00 0.00 4.65 0.00 0.00 0.00 0.00 0.00 0.00 0.00 0.00 0.00 0.00
7 1990 3770.28 0.00 0.00 0.00 91.44 0.00 0.00 6.73 0.00 0.00 0.00 0.00 0.00 0.00 0.00 0.00 0.00 0.00
8 1990 3797.81 0.00 0.00 0.00 63.32 0.00 0.00 4.65 0.00 0.00 0.00 0.00 0.00 0.00 0.00 0.00 0.00 0.00
9 1990 2475.68 0.00 0.00 0.00 63.32 0.00 0.00 4.65 0.00 0.00 0.00 0.00 0.00 0.00 0.00 0.00 0.00 0.00
10 1990 2432.32 0.00 0.00 0.00 91.44 0.00 0.00 6.73 0.00 0.00 0.00 0.00 0.00 0.00 0.00 0.00 0.00 0.00
11 1990 2710.72 0.00 0.00 0.00 63.32 0.00 0.00 4.65 0.00 0.00 0.00 0.00 0.00 0.00 0.00 0.00 0.00 0.00
12 1990 2710.72 0.00 0.00 0.00 63.32 0.00 0.00 4.65 0.00 0.00 0.00 0.00 0.00 0.00 0.00 0.00 0.00 0.00
1 1991 2175.84 0.00 0.00 0.00 63.32 0.00 0.00 4.65 0.00 0.00 0.00 0.00 0.00 0.00 0.00 0.00 0.00 0.00
2 1991 3401.72 0.00 0.00 0.00 63.32 0.00 0.00 4.65 0.00 0.00 0.00 0.00 0.00 0.00 0.00 0.00 0.00 0.00
3 1991 3710.41 0.00 0.00 0.00 63.32 0.00 0.00 4.65 0.00 0.00 0.00 0.00 0.00 0.00 0.00 0.00 0.00 0.00
4 1991 5623.75 0.00 0.00 0.00 91.44 0.00 0.00 6.73 0.00 0.00 0.00 0.00 0.00 0.00 0.00 0.00 0.00 0.00
5 1991 7247.00 0.00 0.00 0.00 63.32 0.00 0.00 4.65 0.00 0.00 0.00 0.00 0.00 0.00 0.00 0.00 0.00 0.00
6 1991 3741.03 0.00 0.00 0.00 63.32 0.00 0.00 4.65 0.00 0.00 0.00 0.00 0.00 0.00 0.00 0.00 0.00 0.00
7 1991 3770.28 0.00 0.00 0.00 91.44 0.00 0.00 6.73 0.00 0.00 0.00 0.00 0.00 0.00 0.00 0.00 0.00 0.00
8 1991 3797.81 0.00 0.00 0.00 63.32 0.00 0.00 4.65 0.00 0.00 0.00 0.00 0.00 0.00 0.00 0.00 0.00 0.00
9 1991 2475.68 0.00 0.00 0.00 63.32 0.00 0.00 4.65 0.00 0.00 0.00 0.00 0.00 0.00 0.00 0.00 0.00 0.00
10 1991 2432.32 0.00 0.00 0.00 91.44 0.00 0.00 6.73 0.00 0.00 0.00 0.00 0.00 0.00 0.00 0.00 0.00 0.00
11 1991 2710.72 0.00 0.00 0.00 63.32 0.00 0.00 4.65 0.00 0.00 0.00 0.00 0.00 0.00 0.00 0.00 0.00 0.00
12 1991 2710.72 0.00 0.00 0.00 63.32 0.00 0.00 4.65 0.00 0.00 0.00 0.00 0.00 0.00 0.00 0.00 0.00 0.00
1 1992 2175.84 0.00 0.00 0.00 63.32 0.00 0.00 4.65 0.00 0.00 0.00 0.00 0.00 0.00 0.00 0.00 0.00 0.00
2 1992 3401.72 0.00 0.00 0.00 63.32 0.00 0.00 4.65 0.00 0.00 0.00 0.00 0.00 0.00 0.00 0.00 0.00 0.00
3 1992 3710.41 0.00 0.00 0.00 63.32 0.00 0.00 4.65 0.00 0.00 0.00 0.00 0.00 0.00 0.00 0.00 0.00 0.00
4 1992 5623.75 0.00 0.00 0.00 91.44 0.00 0.00 6.73 0.00 0.00 0.00 0.00 0.00 0.00 0.00 0.00 0.00 0.00
5 1992 7247.00 0.00 0.00 0.00 63.32 0.00 0.00 4.65 0.00 0.00 0.00 0.00 0.00 0.00 0.00 0.00 0.00 0.00
6 1992 3741.03 0.00 0.00 0.00 63.32 0.00 0.00 4.65 0.00 0.00 0.00 0.00 0.00 0.00 0.00 0.00 0.00 0.00
7 1992 3770.28 0.00 0.00 0.00 91.44 0.00 0.00 6.73 0.00 0.00 0.00 0.00 0.00 0.00 0.00 0.00 0.00 0.00
8 1992 3797.81 0.00 0.00 0.00 63.32 0.00 0.00 4.65 0.00 0.00 0.00 0.00 0.00 0.00 0.00 0.00 0.00 0.00
9 1992 2475.68 0.00 0.00 0.00 63.32 0.00 0.00 4.65 0.00 0.00 0.00 0.00 0.00 0.00 0.00 0.00 0.00 0.00
10 1992 2432.32 0.00 0.00 0.00 91.44 0.00 0.00 6.73 0.00 0.00 0.00 0.00 0.00 0.00 0.00 0.00 0.00 0.00
11 1992 2710.72 0.00 0.00 0.00 63.32 0.00 0.00 4.65 0.00 0.00 0.00 0.00 0.00 0.00 0.00 0.00 0.00 0.00
12 1992 2710.72 0.00 0.00 0.00 63.32 0.00 0.00 4.65 0.00 0.00 0.00 0.00 0.00 0.00 0.00 0.00 0.00 0.00
1 1993 2175.84 0.00 0.00 0.00 63.32 0.00 0.00 4.65 0.00 0.00 0.00 0.00 0.00 0.00 0.00 0.00 0.00 0.00
2 1993 3401.72 0.00 0.00 0.00 63.32 0.00 0.00 4.65 0.00 0.00 0.00 0.00 0.00 0.00 0.00 0.00 0.00 0.00
3 1993 3710.41 0.00 0.00 0.00 63.32 0.00 0.00 4.65 0.00 0.00 0.00 0.00 0.00 0.00 0.00 0.00 0.00 0.00
4 1993 5623.75 0.00 0.00 0.00 91.44 0.00 0.00 6.73 0.00 0.00 0.00 0.00 0.00 0.00 0.00 0.00 0.00 0.00
5 1993 7247.00 0.00 0.00 0.00 63.32 0.00 0.00 4.65 0.00 0.00 0.00 0.00 0.00 0.00 0.00 0.00 0.00 0.00
6 1993 3741.03 0.00 0.00 0.00 63.32 0.00 0.00 4.65 0.00 0.00 0.00 0.00 0.00 0.00 0.00 0.00 0.00 0.00
7 1993 3770.28 0.00 0.00 0.00 91.44 0.00 0.00 6.73 0.00 0.00 0.00 0.00 0.00 0.00 0.00 0.00 0.00 0.00
8 1993 3797.81 0.00 0.00 0.00 63.32 0.00 0.00 4.65 0.00 0.00 0.00 0.00 0.00 0.00 0.00 0.00 0.00 0.00
9 1993 2475.68 0.00 0.00 0.00 63.32 0.00 0.00 4.65 0.00 0.00 0.00 0.00 0.00 0.00 0.00 0.00 0.00 0.00
10 1993 2432.32 0.00 0.00 0.00 91.44 0.00 0.00 6.73 0.00 0.00 0.00 0.00 0.00 0.00 0.00 0.00 0.00 0.00
11 1993 2710.72 0.00 0.00 0.00 63.32 0.00 0.00 4.65 0.00 0.00 0.00 0.00 0.00 0.00 0.00 0.00 0.00 0.00
12 1993 2710.72 0.00 0.00 0.00 63.32 0.00 0.00 4.65 0.00 0.00 0.00 0.00 0.00 0.00 0.00 0.00 0.00 0.00
1 1994 2175.84 0.00 0.00 0.00 63.32 0.00 0.00 4.65 0.00 0.00 0.00 0.00 0.00 0.00 0.00 0.00 0.00 0.00
2 1994 3401.72 0.00 0.00 0.00 63.32 0.00 0.00 4.65 0.00 0.00 0.00 0.00 0.00 0.00 0.00 0.00 0.00 0.00
3 1994 3710.41 0.00 0.00 0.00 63.32 0.00 0.00 4.65 0.00 0.00 0.00 0.00 0.00 0.00 0.00 0.00 0.00 0.00
4 1994 5623.75 0.00 0.00 0.00 91.44 0.00 0.00 6.73 0.00 0.00 0.00 0.00 0.00 0.00 0.00 0.00 0.00 0.00
5 1994 7247.00 0.00 0.00 0.00 63.32 0.00 0.00 4.65 0.00 0.00 0.00 0.00 0.00 0.00 0.00 0.00 0.00 0.00
6 1994 3741.03 0.00 0.00 0.00 63.32 0.00 0.00 4.65 0.00 0.00 0.00 0.00 0.00 0.00 0.00 0.00 0.00 0.00
7 1994 3770.28 0.00 0.00 0.00 91.44 0.00 0.00 6.73 0.00 0.00 0.00 0.00 0.00 0.00 0.00 0.00 0.00 0.00
8 1994 3797.81 0.00 0.00 0.00 63.32 0.00 0.00 4.65 0.00 0.00 0.00 0.00 0.00 0.00 0.00 0.00 0.00 0.00
9 1994 2475.68 0.00 0.00 0.00 63.32 0.00 0.00 4.65 0.00 0.00 0.00 0.00 0.00 0.00 0.00 0.00 0.00 0.00
10 1994 2432.32 0.00 0.00 0.00 91.44 0.00 0.00 6.73 0.00 0.00 0.00 0.00 0.00 0.00 0.00 0.00 0.00 0.00
11 1994 2710.72 0.00 0.00 0.00 63.32 0.00 0.00 4.65 0.00 0.00 0.00 0.00 0.00 0.00 0.00 0.00 0.00 0.00
12 1994 2710.72 0.00 0.00 0.00 63.32 0.00 0.00 4.65 0.00 0.00 0.00 0.00 0.00 0.00 0.00 0.00 0.00 0.00
1 1995 1185.20 0.00 0.00 0.00 63.32 0.00 0.00 4.65 0.00 0.00 0.00 0.00 0.00 0.00 0.00 0.00 0.00 0.00
2 1995 1226.84 0.00 0.00 0.00 63.32 0.00 0.00 4.65 0.00 0.00 0.00 0.00 0.00 0.00 0.00 0.00 0.00 0.00
3 1995 1859.00 0.00 0.00 0.00 63.32 0.00 0.00 4.65 0.00 0.00 0.00 0.00 0.00 0.00 0.00 0.00 0.00 0.00
4 1995 7998.92 0.00 0.00 0.00 91.44 0.00 0.00 6.73 0.00 0.00 0.00 0.00 0.00 0.00 0.00 0.00 0.00 0.00
5 1995 7154.77 0.00 0.00 0.00 63.32 0.00 0.00 4.65 0.00 0.00 0.00 0.00 0.00 0.00 0.00 0.00 0.00 0.00
6 1995 1620.52 0.00 0.00 0.00 63.32 0.00 0.00 4.65 0.00 0.00 0.00 0.00 0.00 0.00 0.00 0.00 0.00 0.00
7 1995 1976.35 0.00 0.00 0.00 91.44 0.00 0.00 6.73 0.00 0.00 0.00 0.00 0.00 0.00 0.00 0.00 0.00 0.00
8 1995 2434.38 0.00 0.00 0.00 63.32 0.00 0.00 4.65 0.00 0.00 0.00 0.00 0.00 0.00 0.00 0.00 0.00 0.00
9 1995 1279.83 0.00 0.00 0.00 63.32 0.00 0.00 4.65 0.00 0.00 0.00 0.00 0.00 0.00 0.00 0.00 0.00 0.00
10 1995 2059.63 0.00 0.00 0.00 91.44 0.00 0.00 6.73 0.00 0.00 0.00 0.00 0.00 0.00 0.00 0.00 0.00 0.00
11 1995 1601.59 0.00 0.00 0.00 63.32 0.00 0.00 4.65 0.00 0.00 0.00 0.00 0.00 0.00 0.00 0.00 0.00 0.00
12 1995 1790.86 0.00 0.00 0.00 63.32 0.00 0.00 4.65 0.00 0.00 0.00 0.00 0.00 0.00 0.00 0.00 0.00 0.00
1 1996 1923.35 0.00 0.00 0.00 63.32 0.00 0.00 4.65 0.00 0.00 0.00 0.00 0.00 0.00 0.00 0.00 0.00 0.00
2 1996 1946.06 0.00 0.00 0.00 63.32 0.00 0.00 4.65 0.00 0.00 0.00 0.00 0.00 0.00 0.00 0.00 0.00 0.00
3 1996 1896.85 0.00 0.00 0.00 63.32 0.00 0.00 4.65 0.00 0.00 0.00 0.00 0.00 0.00 0.00 0.00 0.00 0.00
4 1996 238.85 0.00 0.00 0.00 91.44 0.00 0.00 6.73 0.00 0.00 0.00 0.00 0.00 0.00 0.00 0.00 0.00 0.00
5 1996 5330.21 0.00 0.00 0.00 63.32 0.00 0.00 4.65 0.00 0.00 0.00 0.00 0.00 0.00 0.00 0.00 0.00 0.00
6 1996 4894.89 0.00 0.00 0.00 63.32 0.00 0.00 4.65 0.00 0.00 0.00 0.00 0.00 0.00 0.00 0.00 0.00 0.00
7 1996 2067.20 0.00 0.00 0.00 91.44 0.00 0.00 6.73 0.00 0.00 0.00 0.00 0.00 0.00 0.00 0.00 0.00 0.00
8 1996 1465.32 0.00 0.00 0.00 63.32 0.00 0.00 4.65 0.00 0.00 0.00 0.00 0.00 0.00 0.00 0.00 0.00 0.00
9 1996 2381.39 0.00 0.00 0.00 63.32 0.00 0.00 4.65 0.00 0.00 0.00 0.00 0.00 0.00 0.00 0.00 0.00 0.00
10 1996 2884.84 0.00 0.00 0.00 91.44 0.00 0.00 6.73 0.00 0.00 0.00 0.00 0.00 0.00 0.00 0.00 0.00 0.00
11 1996 2737.21 0.00 0.00 0.00 63.32 0.00 0.00 4.65 0.00 0.00 0.00 0.00 0.00 0.00 0.00 0.00 0.00 0.00
12 1996 2275.39 0.00 0.00 0.00 63.32 0.00 0.00 4.65 0.00 0.00 0.00 0.00 0.00 0.00 0.00 0.00 0.00 0.00
1 1997 1806.01 0.00 0.00 0.00 63.32 0.00 0.00 4.65 0.00 0.00 0.00 0.00 0.00 0.00 0.00 0.00 0.00 0.00
2 1997 2828.06 0.00 0.00 0.00 63.32 0.00 0.00 4.65 0.00 0.00 0.00 0.00 0.00 0.00 0.00 0.00 0.00 0.00
3 1997 2203.47 0.00 0.00 0.00 63.32 0.00 0.00 4.65 0.00 0.00 0.00 0.00 0.00 0.00 0.00 0.00 0.00 0.00
4 1997 3100.61 0.00 0.00 0.00 91.44 0.00 0.00 6.73 0.00 0.00 0.00 0.00 0.00 0.00 0.00 0.00 0.00 0.00
5 1997 5723.89 0.00 0.00 0.00 63.32 0.00 0.00 4.65 0.00 0.00 0.00 0.00 0.00 0.00 0.00 0.00 0.00 0.00
6 1997 1968.78 0.00 0.00 0.00 91.44 0.00 0.00 6.73 0.00 0.00 0.00 0.00 0.00 0.00 0.00 0.00 0.00 0.00
7 1997 11.73 0.00 0.00 0.00 63.32 0.00 0.00 4.65 0.00 0.00 0.00 0.00 0.00 0.00 0.00 0.00 0.00 0.00
8 1997 238.85 0.00 0.00 0.00 91.44 0.00 0.00 6.73 0.00 0.00 0.00 0.00 0.00 0.00 0.00 0.00 0.00 0.00
9 1997 11.73 0.00 0.00 0.00 63.32 0.00 0.00 4.65 0.00 0.00 0.00 0.00 0.00 0.00 0.00 0.00 0.00 0.00
10 1997 238.85 0.00 0.00 0.00 91.44 0.00 0.00 6.73 0.00 0.00 0.00 0.00 0.00 0.00 0.00 0.00 0.00 0.00
11 1997 11.73 0.00 0.00 0.00 63.32 0.00 0.00 4.65 0.00 0.00 0.00 0.00 0.00 0.00 0.00 0.00 0.00 0.00
12 1997 2968.12 0.00 0.00 0.00 63.32 0.00 0.00 4.65 0.00 0.00 0.00 0.00 0.00 0.00 0.00 0.00 0.00 0.00
1 1998 2320.82 0.00 0.00 0.00 63.32 0.00 0.00 4.65 0.00 0.00 0.00 0.00 0.00 0.00 0.00 0.00 0.00 0.00
2 1998 3130.90 0.00 0.00 0.00 63.32 0.00 0.00 4.65 0.00 0.00 0.00 0.00 0.00 0.00 0.00 0.00 0.00 0.00
3 1998 11988.73 0.00 0.00 0.00 91.44 0.00 0.00 6.73 0.00 0.00 0.00 0.00 0.00 0.00 0.00 0.00 0.00 0.00
4 1998 12344.56 0.00 0.00 0.00 91.44 0.00 0.00 6.73 0.00 0.00 0.00 0.00 0.00 0.00 0.00 0.00 0.00 0.00
5 1998 6908.72 0.00 0.00 0.00 63.32 0.00 0.00 4.65 0.00 0.00 0.00 0.00 0.00 0.00 0.00 0.00 0.00 0.00
6 1998 238.85 0.00 0.00 0.00 91.44 0.00 0.00 6.73 0.00 0.00 0.00 0.00 0.00 0.00 0.00 0.00 0.00 0.00
7 1998 12306.70 0.00 0.00 0.00 91.44 0.00 0.00 6.73 0.00 0.00 0.00 0.00 0.00 0.00 0.00 0.00 0.00 0.00
8 1998 7090.42 0.00 0.00 0.00 63.32 0.00 0.00 4.65 0.00 0.00 0.00 0.00 0.00 0.00 0.00 0.00 0.00 0.00
9 1998 3058.97 0.00 0.00 0.00 91.44 0.00 0.00 6.73 0.00 0.00 0.00 0.00 0.00 0.00 0.00 0.00 0.00 0.00
10 1998 1139.77 0.00 0.00 0.00 63.32 0.00 0.00 4.65 0.00 0.00 0.00 0.00 0.00 0.00 0.00 0.00 0.00 0.00
11 1998 2097.48 0.00 0.00 0.00 63.32 0.00 0.00 4.65 0.00 0.00 0.00 0.00 0.00 0.00 0.00 0.00 0.00 0.00
12 1998 2566.87 0.00 0.00 0.00 91.44 0.00 0.00 6.73 0.00 0.00 0.00 0.00 0.00 0.00 0.00 0.00 0.00 0.00
1 1999 3339.09 0.00 0.00 0.00 63.32 0.00 0.00 4.65 0.00 0.00 0.00 0.00 0.00 0.00 0.00 0.00 0.00 0.00
2 1999 2521.45 0.00 0.00 0.00 63.32 0.00 0.00 4.65 0.00 0.00 0.00 0.00 0.00 0.00 0.00 0.00 0.00 0.00
3 1999 4311.94 0.00 0.00 0.00 63.32 0.00 0.00 4.65 0.00 0.00 0.00 0.00 0.00 0.00 0.00 0.00 0.00 0.00
4 1999 9656.92 0.00 0.00 0.00 91.44 0.00 0.00 6.73 0.00 0.00 0.00 0.00 0.00 0.00 0.00 0.00 0.00 0.00
5 1999 20967.70 0.00 0.00 0.00 91.44 0.00 0.00 6.73 0.00 0.00 0.00 0.00 0.00 0.00 0.00 0.00 0.00 0.00
6 1999 5973.73 0.00 0.00 0.00 91.44 0.00 0.00 6.73 0.00 0.00 0.00 0.00 0.00 0.00 0.00 0.00 0.00 0.00
7 1999 4137.81 0.00 0.00 0.00 91.44 0.00 0.00 6.73 0.00 0.00 0.00 0.00 0.00 0.00 0.00 0.00 0.00 0.00
8 1999 3486.72 0.00 0.00 0.00 91.44 0.00 0.00 6.73 0.00 0.00 0.00 0.00 0.00 0.00 0.00 0.00 0.00 0.00
9 1999 2521.45 0.00 0.00 0.00 63.32 0.00 0.00 4.65 0.00 0.00 0.00 0.00 0.00 0.00 0.00 0.00 0.00 0.00
10 1999 2468.45 0.00 0.00 0.00 91.44 0.00 0.00 6.73 0.00 0.00 0.00 0.00 0.00 0.00 0.00 0.00 0.00 0.00
11 1999 2570.66 0.00 0.00 0.00 63.32 0.00 0.00 4.65 0.00 0.00 0.00 0.00 0.00 0.00 0.00 0.00 0.00 0.00
12 1999 3687.35 0.00 0.00 0.00 63.32 0.00 0.00 4.65 0.00 0.00 0.00 0.00 0.00 0.00 0.00 0.00 0.00 0.00
1 2000 1847.64 0.00 0.00 0.00 63.32 0.00 0.00 4.65 0.00 0.00 0.00 0.00 0.00 0.00 0.00 0.00 0.00 0.00
2 2000 2691.79 0.00 0.00 0.00 63.32 0.00 0.00 4.65 0.00 0.00 0.00 0.00 0.00 0.00 0.00 0.00 0.00 0.00
3 2000 2324.60 0.00 0.00 0.00 63.32 0.00 0.00 4.65 0.00 0.00 0.00 0.00 0.00 0.00 0.00 0.00 0.00 0.00
4 2000 3115.75 0.00 0.00 0.00 63.32 0.00 0.00 4.65 0.00 0.00 0.00 0.00 0.00 0.00 0.00 0.00 0.00 0.00
5 2000 2237.54 0.00 0.00 0.00 91.44 0.00 0.00 6.73 0.00 0.00 0.00 0.00 0.00 0.00 0.00 0.00 0.00 0.00
6 2000 2301.89 0.00 0.00 0.00 63.32 0.00 0.00 4.65 0.00 0.00 0.00 0.00 0.00 0.00 0.00 0.00 0.00 0.00
7 2000 4240.02 0.00 0.00 0.00 91.44 0.00 0.00 6.73 0.00 0.00 0.00 0.00 0.00 0.00 0.00 0.00 0.00 0.00
8 2000 2930.27 0.00 0.00 0.00 63.32 0.00 0.00 4.65 0.00 0.00 0.00 0.00 0.00 0.00 0.00 0.00 0.00 0.00
9 2000 1976.35 0.00 0.00 0.00 63.32 0.00 0.00 4.65 0.00 0.00 0.00 0.00 0.00 0.00 0.00 0.00 0.00 0.00
10 2000 2309.46 0.00 0.00 0.00 91.44 0.00 0.00 6.73 0.00 0.00 0.00 0.00 0.00 0.00 0.00 0.00 0.00 0.00
11 2000 2937.84 0.00 0.00 0.00 63.32 0.00 0.00 4.65 0.00 0.00 0.00 0.00 0.00 0.00 0.00 0.00 0.00 0.00
12 2000 2044.48 0.00 0.00 0.00 63.32 0.00 0.00 4.65 0.00 0.00 0.00 0.00 0.00 0.00 0.00 0.00 0.00 0.00
1 2001 264.21 0.00 0.00 0.00 63.32 0.00 0.00 4.65 0.00 0.00 0.00 0.00 0.00 0.00 0.00 0.00 0.00 0.00
2 2001 4463.35 0.00 0.00 0.00 63.32 0.00 0.00 4.65 0.00 0.00 0.00 0.00 0.00 0.00 0.00 0.00 0.00 0.00
3 2001 5553.55 0.00 0.00 0.00 63.32 0.00 0.00 4.65 0.00 0.00 0.00 0.00 0.00 0.00 0.00 0.00 0.00 0.00
4 2001 7359.19 0.00 0.00 0.00 91.44 0.00 0.00 6.73 0.00 0.00 0.00 0.00 0.00 0.00 0.00 0.00 0.00 0.00
5 2001 5311.29 0.00 0.00 0.00 63.32 0.00 0.00 4.65 0.00 0.00 0.00 0.00 0.00 0.00 0.00 0.00 0.00 0.00
6 2001 6318.20 0.00 0.00 0.00 63.32 0.00 0.00 4.65 0.00 0.00 0.00 0.00 0.00 0.00 0.00 0.00 0.00 0.00
7 2001 2218.61 0.00 0.00 0.00 91.44 0.00 0.00 6.73 0.00 0.00 0.00 0.00 0.00 0.00 0.00 0.00 0.00 0.00
8 2001 5288.57 0.00 0.00 0.00 63.32 0.00 0.00 4.65 0.00 0.00 0.00 0.00 0.00 0.00 0.00 0.00 0.00 0.00
9 2001 3664.64 0.00 0.00 0.00 63.32 0.00 0.00 4.65 0.00 0.00 0.00 0.00 0.00 0.00 0.00 0.00 0.00 0.00
10 2001 2506.30 0.00 0.00 0.00 91.44 0.00 0.00 6.73 0.00 0.00 0.00 0.00 0.00 0.00 0.00 0.00 0.00 0.00
11 2001 2158.05 0.00 0.00 0.00 63.32 0.00 0.00 4.65 0.00 0.00 0.00 0.00 0.00 0.00 0.00 0.00 0.00 0.00
12 2001 2354.89 0.00 0.00 0.00 63.32 0.00 0.00 4.65 0.00 0.00 0.00 0.00 0.00 0.00 0.00 0.00 0.00 0.00
1 2002 2078.55 0.00 0.00 0.00 63.32 0.00 0.00 4.65 0.00 0.00 0.00 0.00 0.00 0.00 0.00 0.00 0.00 0.00
2 2002 5504.34 0.00 0.00 0.00 63.32 0.00 0.00 4.65 0.00 0.00 0.00 0.00 0.00 0.00 0.00 0.00 0.00 0.00
3 2002 2392.74 0.00 0.00 0.00 63.32 0.00 0.00 4.65 0.00 0.00 0.00 0.00 0.00 0.00 0.00 0.00 0.00 0.00
4 2002 4569.35 0.00 0.00 0.00 91.44 0.00 0.00 6.73 0.00 0.00 0.00 0.00 0.00 0.00 0.00 0.00 0.00 0.00
5 2002 3986.40 0.00 0.00 0.00 91.44 0.00 0.00 6.73 0.00 0.00 0.00 0.00 0.00 0.00 0.00 0.00 0.00 0.00
6 2002 3369.38 0.00 0.00 0.00 63.32 0.00 0.00 4.65 0.00 0.00 0.00 0.00 0.00 0.00 0.00 0.00 0.00 0.00
7 2002 2835.63 0.00 0.00 0.00 63.32 0.00 0.00 4.65 0.00 0.00 0.00 0.00 0.00 0.00 0.00 0.00 0.00 0.00
8 2002 4342.22 0.00 0.00 0.00 63.32 0.00 0.00 4.65 0.00 0.00 0.00 0.00 0.00 0.00 0.00 0.00 0.00 0.00
9 2002 2544.16 0.00 0.00 0.00 91.44 0.00 0.00 6.73 0.00 0.00 0.00 0.00 0.00 0.00 0.00 0.00 0.00 0.00
10 2002 2597.15 0.00 0.00 0.00 63.32 0.00 0.00 4.65 0.00 0.00 0.00 0.00 0.00 0.00 0.00 0.00 0.00 0.00
11 2002 2600.94 0.00 0.00 0.00 63.32 0.00 0.00 4.65 0.00 0.00 0.00 0.00 0.00 0.00 0.00 0.00 0.00 0.00
12 2002 2313.25 0.00 0.00 0.00 63.32 0.00 0.00 4.65 0.00 0.00 0.00 0.00 0.00 0.00 0.00 0.00 0.00 0.00
1 2003 2608.51 0.00 0.00 0.00 63.32 0.00 0.00 4.65 0.00 0.00 0.00 0.00 0.00 0.00 0.00 0.00 0.00 0.00
2 2003 2513.87 0.00 0.00 0.00 63.32 0.00 0.00 4.65 0.00 0.00 0.00 0.00 0.00 0.00 0.00 0.00 0.00 0.00
3 2003 2828.06 0.00 0.00 0.00 63.32 0.00 0.00 4.65 0.00 0.00 0.00 0.00 0.00 0.00 0.00 0.00 0.00 0.00
4 2003 3744.13 0.00 0.00 0.00 63.32 0.00 0.00 4.65 0.00 0.00 0.00 0.00 0.00 0.00 0.00 0.00 0.00 0.00
5 2003 8123.84 0.00 0.00 0.00 91.44 0.00 0.00 6.73 0.00 0.00 0.00 0.00 0.00 0.00 0.00 0.00 0.00 0.00
6 2003 5209.08 0.00 0.00 0.00 63.32 0.00 0.00 4.65 0.00 0.00 0.00 0.00 0.00 0.00 0.00 0.00 0.00 0.00
7 2003 4448.21 0.00 0.00 0.00 63.32 0.00 0.00 4.65 0.00 0.00 0.00 0.00 0.00 0.00 0.00 0.00 0.00 0.00
8 2003 2585.80 0.00 0.00 0.00 63.32 0.00 0.00 4.65 0.00 0.00 0.00 0.00 0.00 0.00 0.00 0.00 0.00 0.00
9 2003 3199.03 0.00 0.00 0.00 63.32 0.00 0.00 4.65 0.00 0.00 0.00 0.00 0.00 0.00 0.00 0.00 0.00 0.00
10 2003 2979.48 0.00 0.00 0.00 91.44 0.00 0.00 6.73 0.00 0.00 0.00 0.00 0.00 0.00 0.00 0.00 0.00 0.00
11 2003 6030.51 0.00 0.00 0.00 63.32 0.00 0.00 4.65 0.00 0.00 0.00 0.00 0.00 0.00 0.00 0.00 0.00 0.00
12 2003 3520.79 0.00 0.00 0.00 63.32 0.00 0.00 4.65 0.00 0.00 0.00 0.00 0.00 0.00 0.00 0.00 0.00 0.00
1 2004 3433.73 0.00 0.00 0.00 63.32 0.00 0.00 4.65 0.00 0.00 0.00 0.00 0.00 0.00 0.00 0.00 0.00 0.00
2 2004 4944.10 0.00 0.00 0.00 63.32 0.00 0.00 4.65 0.00 0.00 0.00 0.00 0.00 0.00 0.00 0.00 0.00 0.00
3 2004 5898.02 0.00 0.00 0.00 91.44 0.00 0.00 6.73 0.00 0.00 0.00 0.00 0.00 0.00 0.00 0.00 0.00 0.00
4 2004 4675.34 0.00 0.00 0.00 63.32 0.00 0.00 4.65 0.00 0.00 0.00 0.00 0.00 0.00 0.00 0.00 0.00 0.00
5 2004 6995.79 0.00 0.00 0.00 63.32 0.00 0.00 4.65 0.00 0.00 0.00 0.00 0.00 0.00 0.00 0.00 0.00 0.00
6 2004 4902.46 0.00 0.00 0.00 63.32 0.00 0.00 4.65 0.00 0.00 0.00 0.00 0.00 0.00 0.00 0.00 0.00 0.00
7 2004 6310.63 0.00 0.00 0.00 91.44 0.00 0.00 6.73 0.00 0.00 0.00 0.00 0.00 0.00 0.00 0.00 0.00 0.00
8 2004 7802.08 0.00 0.00 0.00 63.32 0.00 0.00 4.65 0.00 0.00 0.00 0.00 0.00 0.00 0.00 0.00 0.00 0.00
9 2004 3384.52 0.00 0.00 0.00 63.32 0.00 0.00 4.65 0.00 0.00 0.00 0.00 0.00 0.00 0.00 0.00 0.00 0.00
10 2004 3732.77 0.00 0.00 0.00 91.44 0.00 0.00 6.73 0.00 0.00 0.00 0.00 0.00 0.00 0.00 0.00 0.00 0.00
11 2004 3906.90 0.00 0.00 0.00 63.32 0.00 0.00 4.65 0.00 0.00 0.00 0.00 0.00 0.00 0.00 0.00 0.00 0.00
12 2004 3180.10 0.00 0.00 0.00 63.32 0.00 0.00 4.65 0.00 0.00 0.00 0.00 0.00 0.00 0.00 0.00 0.00 0.00
1 2005 3127.11 0.00 0.00 0.00 63.32 0.00 0.00 4.65 0.00 0.00 0.00 0.00 0.00 0.00 0.00 0.00 0.00 0.00
2 2005 5648.19 0.00 0.00 0.00 63.32 0.00 0.00 4.65 0.00 0.00 0.00 0.00 0.00 0.00 0.00 0.00 0.00 0.00
3 2005 11.73 0.00 0.00 0.00 63.32 0.00 0.00 4.65 0.00 0.00 0.00 0.00 0.00 0.00 0.00 0.00 0.00 0.00
4 2005 4376.29 0.00 0.00 0.00 91.44 0.00 0.00 6.73 0.00 0.00 0.00 0.00 0.00 0.00 0.00 0.00 0.00 0.00
5 2005 7885.36 0.00 0.00 0.00 63.32 0.00 0.00 4.65 0.00 0.00 0.00 0.00 0.00 0.00 0.00 0.00 0.00 0.00
6 2005 5262.08 0.00 0.00 0.00 91.44 0.00 0.00 6.73 0.00 0.00 0.00 0.00 0.00 0.00 0.00 0.00 0.00 0.00
7 2005 11.73 0.00 0.00 0.00 63.32 0.00 0.00 4.65 0.00 0.00 0.00 0.00 0.00 0.00 0.00 0.00 0.00 0.00
8 2005 4565.56 0.00 0.00 0.00 63.32 0.00 0.00 4.65 0.00 0.00 0.00 0.00 0.00 0.00 0.00 0.00 0.00 0.00
9 2005 3664.64 0.00 0.00 0.00 63.32 0.00 0.00 4.65 0.00 0.00 0.00 0.00 0.00 0.00 0.00 0.00 0.00 0.00
10 2005 3384.52 0.00 0.00 0.00 91.44 0.00 0.00 6.73 0.00 0.00 0.00 0.00 0.00 0.00 0.00 0.00 0.00 0.00
11 2005 3164.96 0.00 0.00 0.00 63.32 0.00 0.00 4.65 0.00 0.00 0.00 0.00 0.00 0.00 0.00 0.00 0.00 0.00
12 2005 3342.88 0.00 0.00 0.00 63.32 0.00 0.00 4.65 0.00 0.00 0.00 0.00 0.00 0.00 0.00 0.00 0.00 0.00
1 2006 11.73 0.00 0.00 0.00 63.32 0.00 0.00 4.65 0.00 0.00 0.00 0.00 0.00 0.00 0.00 0.00 0.00 0.00
2 2006 11.73 0.00 0.00 0.00 63.32 0.00 0.00 4.65 0.00 0.00 0.00 0.00 0.00 0.00 0.00 0.00 0.00 0.00
3 2006 4164.31 0.00 0.00 0.00 63.32 0.00 0.00 4.65 0.00 0.00 0.00 0.00 0.00 0.00 0.00 0.00 0.00 0.00
4 2006 8740.86 0.00 0.00 0.00 91.44 0.00 0.00 6.73 0.00 0.00 0.00 0.00 0.00 0.00 0.00 0.00 0.00 0.00
5 2006 8180.62 0.00 0.00 0.00 63.32 0.00 0.00 4.65 0.00 0.00 0.00 0.00 0.00 0.00 0.00 0.00 0.00 0.00
6 2006 4118.88 0.00 0.00 0.00 63.32 0.00 0.00 4.65 0.00 0.00 0.00 0.00 0.00 0.00 0.00 0.00 0.00 0.00
7 2006 4645.06 0.00 0.00 0.00 63.32 0.00 0.00 4.65 0.00 0.00 0.00 0.00 0.00 0.00 0.00 0.00 0.00 0.00
8 2006 4296.80 0.00 0.00 0.00 63.32 0.00 0.00 4.65 0.00 0.00 0.00 0.00 0.00 0.00 0.00 0.00 0.00 0.00
9 2006 5617.90 0.00 0.00 0.00 91.44 0.00 0.00 6.73 0.00 0.00 0.00 0.00 0.00 0.00 0.00 0.00 0.00 0.00
10 2006 11.73 0.00 0.00 0.00 0.54 0.00 0.00 0.00 0.00 0.00 0.00 0.00 0.00 0.00 0.00 0.00 0.00 0.00
11 2006 11.73 0.00 0.00 0.00 0.54 0.00 0.00 0.00 0.00 0.00 0.00 0.00 0.00 0.00 0.00 0.00 0.00 0.00
12 2006 11.73 0.00 0.00 0.00 0.54 0.00 0.00 0.00 0.00 0.00 0.00 0.00 0.00 0.00 0.00 0.00 0.00 0.00
