V1,V2,V3
0,9186424.02859013,1
2244496.06118514,9173953.7865555,1.05
4417934.03126087,9153881.71373774,1.1
6520313.91022718,9133696.28511089,1.15
8551635.69808408,9113711.45798466,1.2
10512357.8975923,9098285.23812106,1.25
12405142.3069446,9078170.90871328,1.3
14228030.9929082,9058228.080761,1.35
15981023.9554831,9038372.04238811,1.4
17664121.1946693,9018664.55618424,1.45
19277322.7104668,8998913.14441725,1.5
20820628.5028756,8979030.88627834,1.55
22294038.5718956,8959262.30653301,1.6
23697552.917527,8939444.81220032,1.65
25031171.5397697,8920349.40310917,1.7
26294894.4386236,8901765.03971654,1.75
27488721.6140888,8883268.88713751,1.8
28612653.0661654,8861784.0285675,1.85
29666688.7948532,8843748.51152679,1.9
30650828.8001523,8825616.84829545,1.95
31565073.0820627,8808671.67355988,2
