V1,V2
13778360.9292198,9153286.88602214
16034209.8554993,9140794.1627032
18207647.825575,9120710.70457288
20310027.7045413,9100514.7124278
22341349.4923982,9080497.38178509
24309320.2751948,9065067.26230772
26202104.6845471,9044936.16300276
28024993.3705108,9024968.72378833
29777986.3330857,9005083.45714542
31461083.5722719,8985349.40899494
33074285.0880694,8965589.62969011
34617590.8804781,8945675.14462988
36091000.9494982,8925901.97278014
37494515.2951296,8906073.58145565
38828133.9173722,8886957.09741064
40091856.8162262,8868354.91391239
41285683.9916914,8849829.3062183
42409615.4437679,8831441.82047088
43463651.1724557,8813397.51971089
44447791.1777548,8795369.90557077
45362035.4596652,8777438.2843983
